3 0.7548076923076923 0.7247596153846154 0.23557692307692307 0.41225961538461536
3 0.5108173076923077 0.6322115384615384 0.18389423076923078 0.3329326923076923
3 0.3293269230769231 0.5817307692307693 0.14182692307692307 0.2644230769230769
0 0.8521634615384616 0.4495192307692308 0.12379807692307693 0.18028846153846154
0 0.9134615384615384 0.23798076923076922 0.1502403846153846 0.16947115384615385
0 0.9471153846153846 0.3894230769230769 0.09735576923076923 0.13221153846153846
0 0.9423076923076923 0.4951923076923077 0.10817307692307693 0.17427884615384615
0 0.7716346153846154 0.3016826923076923 0.052884615384615384 0.328125
0 0.8449519230769231 0.15625 0.056490384615384616 0.18509615384615385
0 0.4326923076923077 0.5372596153846154 0.12379807692307693 0.22716346153846154
0 0.5336538461538461 0.41586538461538464 0.10817307692307693 0.12139423076923077
0 0.5877403846153846 0.3389423076923077 0.0829326923076923 0.07451923076923077
0 0.5408653846153846 0.2932692307692308 0.1310096153846154 0.15384615384615385
0 0.5901442307692307 0.23798076923076922 0.10817307692307693 0.22235576923076922
0 0.6009615384615384 0.15625 0.056490384615384616 0.17427884615384615
0 0.6911057692307693 0.12740384615384615 0.04927884615384615 0.052884615384615384
0 0.7043269230769231 0.2403846153846154 0.07451923076923077 0.06850961538461539
0 0.7055288461538461 0.31009615384615385 0.078125 0.07932692307692307
0 0.7512019230769231 0.18028846153846154 0.07091346153846154 0.052884615384615384
0 0.7451923076923077 0.05048076923076923 0.04447115384615385 0.06850961538461539
0 0.6706730769230769 0.010817307692307692 0.052884615384615384 0.021634615384615384
0 0.46274038461538464 0.10336538461538461 0.056490384615384616 0.026442307692307692
0 0.49038461538461536 0.055288461538461536 0.07451923076923077 0.057692307692307696
0 0.4795673076923077 0.1875 0.052884615384615384 0.04807692307692308
0 0.43990384615384615 0.24879807692307693 0.040865384615384616 0.03125
0 0.4026442307692308 0.18028846153846154 0.04927884615384615 0.042067307692307696
0 0.3786057692307692 0.20673076923076922 0.0673076923076923 0.11658653846153846
0 0.32211538461538464 0.16105769230769232 0.06009615384615385 0.13221153846153846
0 0.2692307692307692 0.18269230769230768 0.07451923076923077 0.11057692307692307
0 0.234375 0.2704326923076923 0.078125 0.08413461538461539
0 0.22115384615384615 0.29927884615384615 0.09014423076923077 0.10096153846153846
0 0.30528846153846156 0.39663461538461536 0.12379807692307693 0.10576923076923077
0 0.18028846153846154 0.3701923076923077 0.1201923076923077 0.13701923076923078
0 0.23918269230769232 0.3894230769230769 0.04447115384615385 0.026442307692307692
0 0.33653846153846156 0.4579326923076923 0.0829326923076923 0.09014423076923077
0 0.3329326923076923 0.27524038461538464 0.1045673076923077 0.11658653846153846
0 0.4254807692307692 0.3233173076923077 0.10096153846153846 0.12740384615384615
0 0.4338942307692308 0.5216346153846154 0.11177884615384616 0.24879807692307693