3 0.8701923076923077 0.5516826923076923 0.17307692307692307 0.4675480769230769
3 0.8677884615384616 0.3293269230769231 0.1045673076923077 0.19831730769230768
3 0.7740384615384616 0.9170673076923077 0.20552884615384615 0.12139423076923077
3 0.7331730769230769 0.7091346153846154 0.31009615384615385 0.4723557692307692
3 0.7439903846153846 0.5552884615384616 0.1658653846153846 0.26322115384615385
3 0.6911057692307693 0.2439903846153846 0.16947115384615385 0.41225961538461536
3 0.4891826923076923 0.23317307692307693 0.29927884615384615 0.4338942307692308
3 0.5324519230769231 0.6153846153846154 0.18389423076923078 0.42908653846153844
3 0.46153846153846156 0.8209134615384616 0.2956730769230769 0.3137019230769231
3 0.18028846153846154 0.2439903846153846 0.30288461538461536 0.41225961538461536
3 0.3088942307692308 0.6153846153846154 0.26322115384615385 0.5384615384615384
3 0.21634615384615385 0.7716346153846154 0.20192307692307693 0.44471153846153844
3 0.20793269230769232 0.546875 0.15504807692307693 0.14783653846153846
3 0.09975961538461539 0.6045673076923077 0.0829326923076923 0.3737980769230769