3 0.8161057692307693 0.41346153846153844 0.3245192307692308 0.15865384615384615
3 0.6538461538461539 0.19831730769230768 0.31850961538461536 0.15865384615384615
3 0.5 0.1310096153846154 0.296875 0.14783653846153846
3 0.45072115384615385 0.27283653846153844 0.2091346153846154 0.12980769230769232
3 0.3016826923076923 0.203125 0.19831730769230768 0.13341346153846154
3 0.6514423076923077 0.3401442307692308 0.3137019230769231 0.14783653846153846
3 0.45072115384615385 0.41586538461538464 0.21995192307692307 0.14783653846153846
3 0.6478365384615384 0.4855769230769231 0.31850961538461536 0.14423076923076922
3 0.49399038461538464 0.5540865384615384 0.3076923076923077 0.13701923076923078
3 0.3016826923076923 0.48197115384615385 0.2091346153846154 0.13701923076923078
3 0.1622596153846154 0.546875 0.19230769230769232 0.12980769230769232
3 0.3401442307692308 0.6165865384615384 0.296875 0.13341346153846154
3 0.15985576923076922 0.6814903846153846 0.18629807692307693 0.13341346153846154
3 0.34615384615384615 0.7536057692307693 0.3076923076923077 0.13341346153846154
3 0.1622596153846154 0.8112980769230769 0.1814903846153846 0.13341346153846154
3 0.3485576923076923 0.8762019230769231 0.3137019230769231 0.15504807692307693