3 0.8293269230769231 0.14903846153846154 0.3161057692307692 0.19951923076923078
3 0.49158653846153844 0.14423076923076922 0.3245192307692308 0.19951923076923078
3 0.1622596153846154 0.14182692307692307 0.3245192307692308 0.20432692307692307
3 0.49278846153846156 0.3798076923076923 0.31971153846153844 0.19951923076923078
3 0.8293269230769231 0.38221153846153844 0.3161057692307692 0.18629807692307693
3 0.16466346153846154 0.3798076923076923 0.31971153846153844 0.2091346153846154
3 0.49158653846153844 0.6105769230769231 0.3161057692307692 0.19951923076923078
3 0.8293269230769231 0.6153846153846154 0.3161057692307692 0.2091346153846154
3 0.16466346153846154 0.6153846153846154 0.31971153846153844 0.2091346153846154
3 0.17067307692307693 0.8425480769230769 0.3161057692307692 0.2091346153846154
3 0.49278846153846156 0.8449519230769231 0.31971153846153844 0.19591346153846154
3 0.8293269230769231 0.8425480769230769 0.3161057692307692 0.19951923076923078