3 0.6646634615384616 0.49759615384615385 0.3629807692307692 0.9951923076923077
3 0.8870192307692307 0.8353365384615384 0.21875 0.3161057692307692
3 0.8653846153846154 0.3004807692307692 0.1201923076923077 0.5997596153846154
3 0.9639423076923077 0.3137019230769231 0.0673076923076923 0.6274038461538461
3 0.9194711538461539 0.6322115384615384 0.15384615384615385 0.14182692307692307
3 0.44591346153846156 0.5228365384615384 0.18870192307692307 0.5805288461538461
3 0.4495192307692308 0.8870192307692307 0.15745192307692307 0.14783653846153846
3 0.40625 0.1778846153846154 0.18870192307692307 0.3545673076923077
3 0.1466346153846154 0.7487980769230769 0.2932692307692308 0.31009615384615385
3 0.2824519230769231 0.8413461538461539 0.25 0.2776442307692308
3 0.1875 0.33052884615384615 0.375 0.6610576923076923