3 0.7764423076923077 0.8112980769230769 0.046875 0.21634615384615385
3 0.9230769230769231 0.953125 0.07091346153846154 0.08052884615384616
3 0.9543269230769231 0.9387019230769231 0.05048076923076923 0.10817307692307693
3 0.9675480769230769 0.7740384615384616 0.05889423076923077 0.12860576923076922
3 0.9627403846153846 0.6622596153846154 0.0673076923076923 0.1622596153846154
3 0.5264423076923077 0.7163461538461539 0.09375 0.12139423076923077
3 0.07692307692307693 0.13822115384615385 0.03485576923076923 0.06129807692307692
3 0.11778846153846154 0.1045673076923077 0.046875 0.10096153846153846
3 0.09134615384615384 0.046875 0.028846153846153848 0.08052884615384616
3 0.04807692307692308 0.0673076923076923 0.038461538461538464 0.0673076923076923
3 0.038461538461538464 0.12860576923076922 0.028846153846153848 0.054086538461538464
3 0.12740384615384615 0.9254807692307693 0.09134615384615384 0.1346153846153846
3 0.09134615384615384 0.8713942307692307 0.08774038461538461 0.10817307692307693
3 0.038461538461538464 0.9591346153846154 0.07692307692307693 0.0673076923076923
3 0.038461538461538464 0.8713942307692307 0.07091346153846154 0.10817307692307693
3 0.04567307692307692 0.671875 0.0673076923076923 0.11538461538461539
3 0.09975961538461539 0.5985576923076923 0.040865384615384616 0.11538461538461539
3 0.057692307692307696 0.578125 0.05048076923076923 0.10096153846153846
3 0.5853365384615384 0.9423076923076923 0.13581730769230768 0.10096153846153846
3 0.65625 0.8677884615384616 0.08774038461538461 0.12860576923076922
3 0.6887019230769231 0.9663461538461539 0.040865384615384616 0.054086538461538464
3 0.7127403846153846 0.8581730769230769 0.05048076923076923 0.1346153846153846
3 0.7259615384615384 0.7632211538461539 0.046875 0.0673076923076923
3 0.8425480769230769 0.9194711538461539 0.08533653846153846 0.1346153846153846
3 0.8725961538461539 0.7944711538461539 0.06129807692307692 0.22355769230769232
3 0.8269230769230769 0.7944711538461539 0.046875 0.12860576923076922
3 0.7584134615384616 0.6213942307692307 0.052884615384615384 0.17548076923076922
3 0.8088942307692307 0.6213942307692307 0.05889423076923077 0.18870192307692307
3 0.8485576923076923 0.46274038461538464 0.09134615384615384 0.12860576923076922
3 0.9783653846153846 0.4831730769230769 0.038461538461538464 0.11538461538461539
3 0.9423076923076923 0.48677884615384615 0.03245192307692308 0.08052884615384616
3 0.9266826923076923 0.4254807692307692 0.06490384615384616 0.17548076923076922
3 0.734375 0.5096153846153846 0.06129807692307692 0.10096153846153846
3 0.6983173076923077 0.6213942307692307 0.0673076923076923 0.22956730769230768
3 0.6790865384615384 0.6959134615384616 0.040865384615384616 0.18870192307692307
3 0.6370192307692307 0.6286057692307693 0.055288461538461536 0.21634615384615385
3 0.9495192307692307 0.2704326923076923 0.03485576923076923 0.0673076923076923
3 0.9591346153846154 0.21995192307692307 0.028846153846153848 0.10096153846153846
3 0.8834134615384616 0.3004807692307692 0.06129807692307692 0.08774038461538461
3 0.9146634615384616 0.2800480769230769 0.052884615384615384 0.14182692307692307
3 0.7896634615384616 0.26322115384615385 0.04447115384615385 0.12139423076923077
3 0.828125 0.2091346153846154 0.055288461538461536 0.12139423076923077
3 0.7692307692307693 0.3112980769230769 0.055288461538461536 0.1346153846153846
3 0.8810096153846154 0.5913461538461539 0.0673076923076923 0.11538461538461539
3 0.9663461538461539 0.39903846153846156 0.038461538461538464 0.0673076923076923
3 0.9867788461538461 0.03125 0.026442307692307692 0.0625
3 0.9711538461538461 0.08052884615384616 0.052884615384615384 0.054086538461538464
3 0.8665865384615384 0.2091346153846154 0.04447115384615385 0.08052884615384616
3 0.5 0.8245192307692307 0.07091346153846154 0.12139423076923077
3 0.5733173076923077 0.8545673076923077 0.07091346153846154 0.15504807692307693
3 0.4651442307692308 0.9423076923076923 0.0829326923076923 0.10096153846153846
3 0.4254807692307692 0.7764423076923077 0.0733173076923077 0.21634615384615385
3 0.33533653846153844 0.7632211538461539 0.09975961538461539 0.17548076923076922
3 0.3870192307692308 0.8377403846153846 0.06129807692307692 0.22956730769230768
3 0.3473557692307692 0.9014423076923077 0.052884615384615384 0.12860576923076922
3 0.27884615384615385 0.8485576923076923 0.07692307692307693 0.14182692307692307
3 0.3161057692307692 0.9555288461538461 0.06129807692307692 0.07451923076923077
3 0.3870192307692308 0.9627403846153846 0.0673076923076923 0.06129807692307692
3 0.22596153846153846 0.9050480769230769 0.09975961538461539 0.17548076923076922
3 0.3557692307692308 0.546875 0.07091346153846154 0.203125
3 0.3473557692307692 0.42908653846153844 0.10576923076923077 0.10096153846153846
3 0.4495192307692308 0.38461538461538464 0.08774038461538461 0.14903846153846154
3 0.27403846153846156 0.4326923076923077 0.09375 0.203125
3 0.109375 0.5072115384615384 0.06490384615384616 0.09495192307692307
3 0.24158653846153846 0.7704326923076923 0.0829326923076923 0.14903846153846154
3 0.3004807692307692 0.6418269230769231 0.06490384615384616 0.10817307692307693
3 0.31009615384615385 0.5444711538461539 0.05048076923076923 0.11538461538461539
3 0.4074519230769231 0.5336538461538461 0.05048076923076923 0.14903846153846154
3 0.4795673076923077 0.5336538461538461 0.08774038461538461 0.08052884615384616
3 0.43509615384615385 0.6923076923076923 0.0829326923076923 0.16947115384615385
3 0.49759615384615385 0.6177884615384616 0.11177884615384616 0.11538461538461539
3 0.5600961538461539 0.48677884615384615 0.05048076923076923 0.14903846153846154
3 0.5721153846153846 0.6346153846153846 0.055288461538461536 0.1622596153846154
3 0.6141826923076923 0.4362980769230769 0.07692307692307693 0.19591346153846154
3 0.5504807692307693 0.36778846153846156 0.0829326923076923 0.07451923076923077
3 0.6009615384615384 0.28365384615384615 0.04447115384615385 0.09495192307692307
3 0.7475961538461539 0.12139423076923077 0.040865384615384616 0.09495192307692307
3 0.7548076923076923 0.19230769230769232 0.06129807692307692 0.08774038461538461
3 0.7079326923076923 0.3137019230769231 0.05048076923076923 0.10096153846153846
3 0.6887019230769231 0.2091346153846154 0.07692307692307693 0.09495192307692307
3 0.6454326923076923 0.09495192307692307 0.038461538461538464 0.08052884615384616
3 0.6730769230769231 0.08774038461538461 0.02403846153846154 0.08052884615384616
3 0.7019230769230769 0.10817307692307693 0.026442307692307692 0.09495192307692307
3 0.4723557692307692 0.203125 0.05048076923076923 0.10817307692307693
3 0.4879807692307692 0.2704326923076923 0.046875 0.08052884615384616
3 0.5697115384615384 0.22596153846153846 0.06129807692307692 0.15504807692307693
3 0.5637019230769231 0.11538461538461539 0.07932692307692307 0.12139423076923077
3 0.4338942307692308 0.11538461538461539 0.06129807692307692 0.09495192307692307
3 0.4026442307692308 0.10096153846153846 0.02403846153846154 0.09495192307692307
3 0.39302884615384615 0.2764423076923077 0.08533653846153846 0.10817307692307693
3 0.41586538461538464 0.2091346153846154 0.05048076923076923 0.08052884615384616
3 0.3473557692307692 0.3173076923076923 0.07692307692307693 0.09495192307692307
3 0.23076923076923078 0.6490384615384616 0.09134615384615384 0.21634615384615385
3 0.054086538461538464 0.8209134615384616 0.07932692307692307 0.10096153846153846
3 0.09735576923076923 0.75 0.07091346153846154 0.1622596153846154
3 0.11658653846153846 0.3918269230769231 0.03245192307692308 0.08052884615384616
3 0.18028846153846154 0.41586538461538464 0.07932692307692307 0.07451923076923077
3 0.16706730769230768 0.35096153846153844 0.06490384615384616 0.054086538461538464
3 0.08413461538461539 0.40865384615384615 0.026442307692307692 0.07451923076923077
3 0.01201923076923077 0.42908653846153844 0.02403846153846154 0.15504807692307693
3 0.039663461538461536 0.2800480769230769 0.05048076923076923 0.14182692307692307
3 0.1778846153846154 0.1658653846153846 0.038461538461538464 0.08774038461538461
3 0.22596153846153846 0.10096153846153846 0.028846153846153848 0.0673076923076923
3 0.22235576923076922 0.057692307692307696 0.03245192307692308 0.11538461538461539
3 0.27884615384615385 0.037259615384615384 0.046875 0.07451923076923077
3 0.31971153846153844 0.016826923076923076 0.038461538461538464 0.03365384615384615
3 0.22956730769230768 0.23317307692307693 0.040865384615384616 0.10096153846153846
3 0.27524038461538464 0.19591346153846154 0.026442307692307692 0.09495192307692307
3 0.10336538461538461 0.19230769230769232 0.040865384615384616 0.10096153846153846
3 0.12620192307692307 0.2403846153846154 0.046875 0.08774038461538461
3 0.10576923076923077 0.3173076923076923 0.040865384615384616 0.09495192307692307
3 0.4987980769230769 0.4963942307692308 0.9975961538461539 0.9927884615384616