3 0.8040865384615384 0.7463942307692307 0.1658653846153846 0.1622596153846154
3 0.515625 0.7391826923076923 0.2091346153846154 0.21634615384615385
3 0.23197115384615385 0.7295673076923077 0.24639423076923078 0.24639423076923078
3 0.24158653846153846 0.31971153846153844 0.25 0.0985576923076923
3 0.5444711538461539 0.33052884615384615 0.1935096153846154 0.10817307692307693
3 0.8088942307692307 0.32211538461538464 0.21394230769230768 0.12259615384615384
3 0.8028846153846154 0.5024038461538461 0.16947115384615385 0.14783653846153846
3 0.515625 0.5096153846153846 0.2091346153846154 0.15264423076923078
3 0.22956730769230768 0.49759615384615385 0.25 0.1778846153846154
3 0.2403846153846154 0.1502403846153846 0.2536057692307692 0.15264423076923078
3 0.546875 0.15985576923076922 0.18990384615384615 0.15264423076923078
3 0.8100961538461539 0.15264423076923078 0.2091346153846154 0.16706730769230768