4 0.5348557692307693 0.7175480769230769 0.4110576923076923 0.5552884615384616
4 0.8028846153846154 0.6814903846153846 0.3858173076923077 0.6262019230769231
4 0.8737980769230769 0.3786057692307692 0.24519230769230768 0.4723557692307692
4 0.6033653846153846 0.36778846153846156 0.3173076923076923 0.45072115384615385
4 0.18990384615384615 0.6899038461538461 0.3786057692307692 0.609375
4 0.14302884615384615 0.25600961538461536 0.2848557692307692 0.3245192307692308
4 0.4026442307692308 0.21995192307692307 0.3425480769230769 0.43990384615384615
4 0.8485576923076923 0.12139423076923077 0.2956730769230769 0.24158653846153846
4 0.6225961538461539 0.08052884615384616 0.1875 0.16105769230769232
4 0.16466346153846154 0.09134615384615384 0.3293269230769231 0.18269230769230768
4 0.4987980769230769 0.49759615384615385 0.9975961538461539 0.9951923076923077