4 0.8533653846153846 0.6826923076923077 0.28846153846153844 0.6225961538461539
4 0.5889423076923077 0.6514423076923077 0.3293269230769231 0.6850961538461539
4 0.8798076923076923 0.31490384615384615 0.234375 0.3016826923076923
4 0.7860576923076923 0.22355769230769232 0.29447115384615385 0.421875
4 0.5600961538461539 0.18269230769230768 0.27884615384615385 0.3401442307692308
4 0.31971153846153844 0.6634615384615384 0.25961538461538464 0.6598557692307693
4 0.31971153846153844 0.2704326923076923 0.21514423076923078 0.20072115384615385
4 0.2644230769230769 0.21394230769230768 0.26322115384615385 0.22596153846153846
4 0.054086538461538464 0.046875 0 0.006009615384615385
4 0.13581730769230768 0.6538461538461539 0.27163461538461536 0.6790865384615384
4 0.18028846153846154 0.17908653846153846 0.25961538461538464 0.2824519230769231
4 0.14423076923076922 0.15985576923076922 0.25 0.3076923076923077