4 0.7572115384615384 0.9314903846153846 0.18028846153846154 0.12740384615384615
4 0.8677884615384616 0.6213942307692307 0.25721153846153844 0.59375
4 0.8870192307692307 0.22115384615384615 0.21875 0.33052884615384615
4 0.9314903846153846 0.05048076923076923 0.12860576923076922 0.10096153846153846
4 0.7091346153846154 0.18028846153846154 0.05048076923076923 0.2692307692307692
4 0.8004807692307693 0.17307692307692307 0.140625 0.3449519230769231
4 0.5973557692307693 0.4362980769230769 0.109375 0.3245192307692308
4 0.6838942307692307 0.5096153846153846 0.1875 0.4110576923076923
4 0.5276442307692307 0.44471153846153844 0.140625 0.31009615384615385
4 0.59375 0.2920673076923077 0.11778846153846154 0.06610576923076923
4 0.6742788461538461 0.9795673076923077 0.07451923076923077 0.030048076923076924
4 0.6286057692307693 0.8581730769230769 0.125 0.203125
4 0.59375 0.9639423076923077 0.11778846153846154 0.06129807692307692
4 0.5180288461538461 0.9182692307692307 0.12860576923076922 0.15264423076923078
4 0.46875 0.890625 0.14903846153846154 0.19831730769230768
4 0.375 0.9519230769230769 0.125 0.08653846153846154
4 0.29086538461538464 0.90625 0.09735576923076923 0.1778846153846154
4 0.25 0.9411057692307693 0.06971153846153846 0.10697115384615384
4 0.21875 0.8786057692307693 0.10096153846153846 0.23317307692307693
4 0.31850961538461536 0.7740384615384616 0.09014423076923077 0.23798076923076922
4 0.41225961538461536 0.8557692307692307 0.12139423076923077 0.24879807692307693
4 0.5276442307692307 0.7644230769230769 0.10096153846153846 0.1875
4 0.4375 0.7055288461538461 0.078125 0.18269230769230768
4 0.3557692307692308 0.6394230769230769 0.09375 0.18269230769230768
4 0.21875 0.6394230769230769 0.08653846153846154 0.11177884615384616
4 0.24639423076923078 0.7235576923076923 0.0625 0.09615384615384616
4 0.17548076923076922 0.7211538461538461 0.06971153846153846 0.08173076923076923
4 0.140625 0.6899038461538461 0.055288461538461536 0.07091346153846154
4 0.12860576923076922 0.8221153846153846 0.0625 0.18269230769230768
4 0.09014423076923077 0.7307692307692307 0.055288461538461536 0.15264423076923078
4 0.037259615384615384 0.6442307692307693 0.07451923076923077 0.23317307692307693
4 0.06610576923076923 0.49759615384615385 0.055288461538461536 0.1622596153846154
4 0.10576923076923077 0.5252403846153846 0.038461538461538464 0.16706730769230768
4 0.12860576923076922 0.609375 0.038461538461538464 0.08173076923076923
4 0.14903846153846154 0.5552884615384616 0.038461538461538464 0.07572115384615384
4 0.19471153846153846 0.5024038461538461 0.08653846153846154 0.1622596153846154
4 0.2620192307692308 0.5841346153846154 0.09375 0.203125
4 0.11538461538461539 0.4495192307692308 0.07451923076923077 0.15745192307692307
4 0.056490384615384616 0.3701923076923077 0.09014423076923077 0.12139423076923077
4 0.021634615384615384 0.421875 0.04326923076923077 0.2439903846153846
4 0.6117788461538461 0.18509615384615385 0.15264423076923078 0.23798076923076922
4 0.5192307692307693 0.1778846153846154 0.125 0.2644230769230769
4 0.47115384615384615 0.3858173076923077 0.14423076923076922 0.31490384615384615
4 0.38100961538461536 0.3858173076923077 0.04326923076923077 0.203125
4 0.3942307692307692 0.23798076923076922 0.055288461538461536 0.09134615384615384
4 0.4026442307692308 0.11658653846153846 0.14903846153846154 0.19230769230769232
4 0.3473557692307692 0.3269230769230769 0.109375 0.28966346153846156
4 0.24639423076923078 0.28966346153846156 0.09375 0.2536057692307692
4 0.25 0.09375 0.09375 0.1875
4 0.31490384615384615 0.12379807692307693 0.04326923076923077 0.21875
4 0.1814903846153846 0.2536057692307692 0.07451923076923077 0.22355769230769232
4 0.13221153846153846 0.21514423076923078 0.109375 0.19831730769230768
4 0.06009615384615385 0.1875 0.06610576923076923 0.17307692307692307
4 0.04447115384615385 0.15504807692307693 0.07451923076923077 0.1875
4 0.13822115384615385 0.06129807692307692 0.05048076923076923 0.11177884615384616
4 0.17427884615384615 0.06850961538461539 0.027644230769230768 0.13701923076923078
4 0.06490384615384616 0.054086538461538464 0.11538461538461539 0.10817307692307693