4 0.6153846153846154 0.8521634615384616 0.47115384615384615 0.28365384615384615
4 0.6826923076923077 0.7872596153846154 0.48197115384615385 0.41586538461538464
4 0.7067307692307693 0.7235576923076923 0.4639423076923077 0.5408653846153846
4 0.7211538461538461 0.6634615384615384 0.47115384615384615 0.6610576923076923
4 0.7632211538461539 0.5901442307692307 0.42427884615384615 0.8088942307692307
4 0.7932692307692307 0.5240384615384616 0.40625 0.9399038461538461
4 0.7319711538461539 0.109375 0.5288461538461539 0.21875
4 0.22716346153846154 0.6995192307692307 0.4543269230769231 0.5913461538461539
4 0.21634615384615385 0.44350961538461536 0.4326923076923077 0.3629807692307692
4 0.27403846153846156 0.36899038461538464 0.546875 0.4206730769230769
4 0.234375 0.0829326923076923 0.46875 0.1658653846153846