4 0.20793269230769232 0.6454326923076923 0.41586538461538464 0.41466346153846156
4 0.5600961538461539 0.6153846153846154 0.5973557692307693 0.3545673076923077
4 0.44350961538461536 0.6478365384615384 0.8858173076923077 0.40865384615384615
4 0.21153846153846154 0.24879807692307693 0.12139423076923077 0.05889423076923077
4 0.21754807692307693 0.35216346153846156 0.2283653846153846 0.10096153846153846
4 0.4014423076923077 0.8846153846153846 0.3858173076923077 0.14783653846153846
4 0.41586538461538464 0.9639423076923077 0.3629807692307692 0.05889423076923077
4 0.07572115384615384 0.9350961538461539 0.15144230769230768 0.11778846153846154
4 0.038461538461538464 0.12139423076923077 0.02403846153846154 0.23076923076923078
4 0.0625 0.11538461538461539 0.037259615384615384 0.21875
4 0.09735576923076923 0.11778846153846154 0.040865384615384616 0.2247596153846154
4 0.11899038461538461 0.11778846153846154 0.037259615384615384 0.2127403846153846
4 0.13701923076923078 0.11778846153846154 0.020432692307692308 0.2247596153846154
4 0.1622596153846154 0.10697115384615384 0.030048076923076924 0.2127403846153846
4 0.19591346153846154 0.109375 0.030048076923076924 0.21875
4 0.23317307692307693 0.12139423076923077 0.037259615384615384 0.20673076923076922
4 0.2620192307692308 0.11298076923076923 0.020432692307692308 0.20072115384615385
4 0.2848557692307692 0.11778846153846154 0.03365384615384615 0.2127403846153846
4 0.30528846153846156 0.12379807692307693 0.026442307692307692 0.23677884615384615
4 0.34134615384615385 0.11899038461538461 0.052884615384615384 0.23798076923076922
4 0.3894230769230769 0.12740384615384615 0.03365384615384615 0.20673076923076922
4 0.4182692307692308 0.11778846153846154 0.02403846153846154 0.20072115384615385
4 0.4483173076923077 0.12379807692307693 0.037259615384615384 0.18990384615384615
4 0.47836538461538464 0.12740384615384615 0.016826923076923076 0.19471153846153846
4 0.4951923076923077 0.11778846153846154 0.016826923076923076 0.20072115384615385
4 0.5240384615384616 0.12139423076923077 0.026442307692307692 0.20673076923076922
4 0.5480769230769231 0.11298076923076923 0.030048076923076924 0.2127403846153846
4 0.5877403846153846 0.11538461538461539 0.046875 0.20673076923076922
4 0.6189903846153846 0.11778846153846154 0.02403846153846154 0.2127403846153846
4 0.6622596153846154 0.11298076923076923 0.056490384615384616 0.20072115384615385
4 0.6983173076923077 0.10697115384615384 0.026442307692307692 0.18990384615384615
4 0.7295673076923077 0.109375 0.04326923076923077 0.21875
4 0.7584134615384616 0.11538461538461539 0.026442307692307692 0.20673076923076922
4 0.7884615384615384 0.109375 0.03365384615384615 0.19471153846153846
4 0.8269230769230769 0.10096153846153846 0.05048076923076923 0.20072115384615385
4 0.8653846153846154 0.11538461538461539 0.020432692307692308 0.18389423076923078
4 0.890625 0.11298076923076923 0.037259615384615384 0.1778846153846154
4 0.9206730769230769 0.10096153846153846 0.02403846153846154 0.20072115384615385
4 0.953125 0.11538461538461539 0.03365384615384615 0.19471153846153846
4 0.9867788461538461 0.10697115384615384 0.020432692307692308 0.18990384615384615
4 0.953125 0.3605769230769231 0.046875 0.2127403846153846
4 0.8978365384615384 0.3545673076923077 0.05048076923076923 0.20072115384615385
4 0.9242788461538461 0.37259615384615385 0.016826923076923076 0.18990384615384615
4 0.8473557692307693 0.3605769230769231 0.030048076923076924 0.2247596153846154
4 0.8173076923076923 0.3701923076923077 0.030048076923076924 0.18389423076923078
4 0.796875 0.3641826923076923 0.030048076923076924 0.171875
4 0.7704326923076923 0.36658653846153844 0.037259615384615384 0.18990384615384615
4 0.7451923076923077 0.3605769230769231 0.03365384615384615 0.18990384615384615
4 0.7788461538461539 0.25721153846153844 0.10697115384615384 0.06490384615384616
4 0.7163461538461539 0.3701923076923077 0.030048076923076924 0.20673076923076922
4 0.6850961538461539 0.3641826923076923 0.040865384615384616 0.18389423076923078
4 0.6538461538461539 0.3641826923076923 0.03365384615384615 0.21875
4 0.6310096153846154 0.38221153846153844 0.026442307692307692 0.19471153846153846
4 0.609375 0.38221153846153844 0.02403846153846154 0.18389423076923078
4 0.5877403846153846 0.3545673076923077 0.03365384615384615 0.20072115384615385
4 0.5709134615384616 0.3870192307692308 0.03365384615384615 0.21875
4 0.5504807692307693 0.38221153846153844 0.026442307692307692 0.171875
4 0.5264423076923077 0.38221153846153844 0.026442307692307692 0.18389423076923078
4 0.5084134615384616 0.37259615384615385 0.016826923076923076 0.1778846153846154
4 0.49038461538461536 0.3786057692307692 0.03365384615384615 0.20072115384615385
4 0.45913461538461536 0.38461538461538464 0.046875 0.2247596153846154
4 0.41225961538461536 0.3641826923076923 0.046875 0.18389423076923078
4 0.38221153846153844 0.36658653846153844 0.054086538461538464 0.1658653846153846
4 0.35096153846153844 0.3701923076923077 0.030048076923076924 0.14783653846153846
4 0.07211538461538461 0.33413461538461536 0.030048076923076924 0.14783653846153846
4 0.09735576923076923 0.31971153846153844 0.026442307692307692 0.12980769230769232
4 0.046875 0.34375 0.040865384615384616 0.12980769230769232
4 0.9375 0.6454326923076923 0.07692307692307693 0.20072115384615385
4 0.9831730769230769 0.7716346153846154 0.026442307692307692 0.3016826923076923
4 0.9831730769230769 0.9495192307692307 0.026442307692307692 0.0889423076923077
4 0.9711538461538461 0.5564903846153846 0.05048076923076923 0.14182692307692307
4 0.8713942307692307 0.6177884615384616 0.07692307692307693 0.19471153846153846
4 0.9435096153846154 0.8725961538461539 0.026442307692307692 0.15985576923076922
4 0.9158653846153846 0.8521634615384616 0.03365384615384615 0.2127403846153846
4 0.8930288461538461 0.8701923076923077 0.03365384615384615 0.20072115384615385
4 0.8209134615384616 0.8990384615384616 0.15144230769230768 0.15384615384615385
4 0.6610576923076923 0.8545673076923077 0.12139423076923077 0.11298076923076923
4 0.7512019230769231 0.8870192307692307 0.054086538461538464 0.1778846153846154
4 0.7872596153846154 0.6298076923076923 0.037259615384615384 0.19471153846153846
4 0.7536057692307693 0.5973557692307693 0.037259615384615384 0.15384615384615385
4 0.7127403846153846 0.5949519230769231 0.037259615384615384 0.11298076923076923
4 0.6850961538461539 0.6009615384615384 0.026442307692307692 0.0889423076923077
4 0.6538461538461539 0.5793269230769231 0.026442307692307692 0.07091346153846154
4 0.6310096153846154 0.5625 0.007211538461538462 0.036057692307692304