4 0.453125 0.4951923076923077 0.7992788461538461 0.9891826923076923
4 0.8846153846153846 0.7620192307692307 0.22355769230769232 0.44471153846153844
4 0.7211538461538461 0.9350961538461539 0.28365384615384615 0.1201923076923077
4 0.036057692307692304 0.49158653846153844 0.07211538461538461 0.48197115384615385
4 0.22115384615384615 0.6490384615384616 0.1778846153846154 0.3245192307692308
4 0.5132211538461539 0.5180288461538461 0.17067307692307693 0.2512019230769231
4 0.41346153846153844 0.18028846153846154 0.21153846153846154 0.1935096153846154
4 0.6899038461538461 0.2848557692307692 0.15144230769230768 0.2980769230769231
4 0.2668269230769231 0.38221153846153844 0.15504807692307693 0.23076923076923078
4 0.43990384615384615 0.7956730769230769 0.20432692307692307 0.39783653846153844
4 0.6382211538461539 0.3557692307692308 0.11778846153846154 0.27283653846153844
4 0.640625 0.6550480769230769 0.1141826923076923 0.1045673076923077
4 0.3389423076923077 0.43990384615384615 0.30649038461538464 0.39783653846153844