4 0.5841346153846154 0.6177884615384616 0.7151442307692307 0.24879807692307693
4 0.16706730769230768 0.6466346153846154 0.3329326923076923 0.16466346153846154
4 0.3245192307692308 0.8004807692307693 0.5865384615384616 0.16947115384615385
4 0.7848557692307693 0.7596153846153846 0.421875 0.25721153846153844
4 0.5216346153846154 0.3425480769230769 0.9471153846153846 0.453125
4 0.4735576923076923 0.6177884615384616 0.9471153846153846 0.24879807692307693
4 0.515625 0.7572115384615384 0.9603365384615384 0.27163461538461536
4 0.055288461538461536 0.2956730769230769 0.11057692307692307 0.16466346153846154
4 0.0625 0.40865384615384615 0.125 0.125
4 0.04447115384615385 0.17548076923076922 0.0889423076923077 0.10216346153846154
4 0.051682692307692304 0.09375 0.10216346153846154 0.10697115384615384
4 0.2091346153846154 0.13581730769230768 0.2932692307692308 0.2536057692307692
4 0.5456730769230769 0.1141826923076923 0.14903846153846154 0.2283653846153846
4 0.7872596153846154 0.15384615384615385 0.22235576923076922 0.30649038461538464