4 0.8329326923076923 0.6394230769230769 0.3269230769230769 0.7079326923076923
4 0.48197115384615385 0.5120192307692307 0.39663461538461536 0.6670673076923077
4 0.4951923076923077 0.6394230769230769 0.38341346153846156 0.6490384615384616
4 0.5168269230769231 0.6514423076923077 0.41346153846153844 0.6490384615384616
4 0.7728365384615384 0.20552884615384615 0.3137019230769231 0.25600961538461536
4 0.7247596153846154 0.054086538461538464 0.23677884615384615 0.10697115384615384
4 0.5264423076923077 0.09254807692307693 0.18629807692307693 0.18509615384615385
4 0.3245192307692308 0.20192307692307693 0.22355769230769232 0.38100961538461536
4 0.15384615384615385 0.6814903846153846 0.30649038461538464 0.6009615384615384
4 0.06009615384615385 0.13942307692307693 0.1201923076923077 0.17307692307692307
4 0.07572115384615384 0.31009615384615385 0.15144230769230768 0.15865384615384615
4 0.18990384615384615 0.2920673076923077 0.16706730769230768 0.21394230769230768
4 0.14543269230769232 0.12740384615384615 0.1502403846153846 0.16105769230769232