4 0.9182692307692307 0.27283653846153844 0.15625 0.16706730769230768
4 0.9158653846153846 0.38461538461538464 0.15985576923076922 0.1935096153846154
4 0.9086538461538461 0.5420673076923077 0.17548076923076922 0.20432692307692307
4 0.8064903846153846 0.21153846153846154 0.19831730769230768 0.1310096153846154
4 0.8665865384615384 0.2512019230769231 0.18990384615384615 0.1045673076923077
4 0.8329326923076923 0.30649038461538464 0.10697115384615384 0.057692307692307696
4 0.8197115384615384 0.3485576923076923 0.07211538461538461 0.046875
4 0.8209134615384616 0.3870192307692308 0.08413461538461539 0.042067307692307696
4 0.8245192307692307 0.42427884615384615 0.08413461538461539 0.042067307692307696
4 0.6610576923076923 0.21153846153846154 0.14423076923076922 0.09975961538461539
4 0.6574519230769231 0.24639423076923078 0.12980769230769232 0.0733173076923077
4 0.6502403846153846 0.28846153846153844 0.12139423076923077 0.0733173076923077
4 0.6574519230769231 0.30649038461538464 0.12980769230769232 0.078125
4 0.65625 0.3485576923076923 0.125 0.078125
4 0.7019230769230769 0.39302884615384615 0.13341346153846154 0.0733173076923077
4 0.6983173076923077 0.4423076923076923 0.13341346153846154 0.06850961538461539
4 0.7247596153846154 0.5084134615384616 0.056490384615384616 0.03125
4 0.7680288461538461 0.8137019230769231 0.4567307692307692 0.36177884615384615
4 0.296875 0.8822115384615384 0.48677884615384615 0.2247596153846154
4 0.4639423076923077 0.45552884615384615 0.13701923076923078 0.46033653846153844
4 0.390625 0.609375 0.78125 0.7716346153846154
4 0.4567307692307692 0.24879807692307693 0.12139423076923077 0.06850961538461539
4 0.5649038461538461 0.2644230769230769 0.056490384615384616 0.026442307692307692
4 0.5588942307692307 0.2848557692307692 0.052884615384615384 0.026442307692307692
4 0.4519230769230769 0.28846153846153844 0.10697115384615384 0.0733173076923077
4 0.22596153846153846 0.1622596153846154 0.36177884615384615 0.16706730769230768
4 0.21514423076923078 0.23557692307692307 0.36177884615384615 0.13581730769230768
4 0.18870192307692307 0.2692307692307692 0.36899038461538464 0.15144230769230768
4 0.18629807692307693 0.32211538461538464 0.36538461538461536 0.109375
4 0.1935096153846154 0.057692307692307696 0.06850961538461539 0.09375
4 0.15264423076923078 0.07572115384615384 0.06129807692307692 0.057692307692307696
4 0.15384615384615385 0.11538461538461539 0.056490384615384616 0.042067307692307696
4 0.09375 0.04927884615384615 0.06490384615384616 0.0889423076923077
4 0.09375 0.12259615384615384 0.06490384615384616 0.078125
4 0.028846153846153848 0.1045673076923077 0.056490384615384616 0.09375
4 0.028846153846153848 0.039663461538461536 0.056490384615384616 0.078125