4 0.46875 0.8978365384615384 0.38461538461538464 0.1935096153846154
4 0.7127403846153846 0.7752403846153846 0.46153846153846156 0.4375
4 0.796875 0.625 0.39903846153846156 0.6478365384615384
4 0.3894230769230769 0.7560096153846154 0.44350961538461536 0.47716346153846156
4 0.17548076923076922 0.7211538461538461 0.35096153846153844 0.5480769230769231
4 0.38461538461538464 0.3605769230769231 0.44711538461538464 0.3581730769230769
4 0.7199519230769231 0.22235576923076922 0.4110576923076923 0.44471153846153844
4 0.9567307692307693 0.36899038461538464 0.08052884615384616 0.1814903846153846
4 0.19951923076923078 0.27283653846153844 0.38461538461538464 0.5456730769230769
4 0.4375 0.13942307692307693 0.19591346153846154 0.27884615384615385
4 0.8581730769230769 0.23317307692307693 0.2764423076923077 0.46634615384615385