4 0.7668269230769231 0.8689903846153846 0.3004807692307692 0.25
4 0.953125 0.6634615384615384 0.08653846153846154 0.6610576923076923
4 0.7103365384615384 0.5709134615384616 0.41346153846153844 0.5240384615384616
4 0.375 0.8629807692307693 0.4963942307692308 0.2620192307692308
4 0.12139423076923077 0.8149038461538461 0.24278846153846154 0.35697115384615385
4 0.34375 0.7055288461538461 0.6802884615384616 0.5769230769230769
4 0.59375 0.2644230769230769 0.3329326923076923 0.3870192307692308
4 0.8233173076923077 0.3269230769230769 0.34615384615384615 0.47596153846153844
4 0.11658653846153846 0.4050480769230769 0.23317307692307693 0.18990384615384615
4 0.23677884615384615 0.3329326923076923 0.39302884615384615 0.27403846153846156
4 0.1971153846153846 0.15745192307692307 0.39302884615384615 0.31490384615384615
4 0.6237980769230769 0.12259615384615384 0.49278846153846156 0.2439903846153846
4 0.06370192307692307 0.054086538461538464 0.12620192307692307 0.10697115384615384