4 0.6490384615384616 0.20072115384615385 0.328125 0.06490384615384616
4 0.6310096153846154 0.2439903846153846 0.2776442307692308 0.04326923076923077
4 0.6538461538461539 0.2800480769230769 0.30649038461538464 0.06009615384615385
4 0.6610576923076923 0.32572115384615385 0.36538461538461536 0.07572115384615384
4 0.6550480769230769 0.375 0.34615384615384615 0.06490384615384616
4 0.6574519230769231 0.4074519230769231 0.33533653846153844 0.04326923076923077
4 0.6550480769230769 0.4375 0.3317307692307692 0.04927884615384615
4 0.6550480769230769 0.4723557692307692 0.34615384615384615 0.04326923076923077
4 0.6442307692307693 0.5300480769230769 0.3545673076923077 0.125
4 0.6550480769230769 0.6009615384615384 0.3545673076923077 0.10336538461538461
4 0.6514423076923077 0.6899038461538461 0.3389423076923077 0.15264423076923078
4 0.6514423076923077 0.7884615384615384 0.3389423076923077 0.17427884615384615
4 0.640625 0.8581730769230769 0.36177884615384615 0.11899038461538461
4 0.6225961538461539 0.8882211538461539 0.3245192307692308 0.125
4 0.640625 0.9675480769230769 0.34615384615384615 0.054086538461538464
4 0.46033653846153844 0.2608173076923077 0.08052884615384616 0.054086538461538464
4 0.453125 0.2956730769230769 0.09495192307692307 0.027644230769230768
4 0.4567307692307692 0.33413461538461536 0.0733173076923077 0.06009615384615385
4 0.4567307692307692 0.39663461538461536 0.06610576923076923 0.054086538461538464
4 0.44471153846153844 0.46153846153846156 0.0733173076923077 0.08653846153846154
4 0.4338942307692308 0.5168269230769231 0.06610576923076923 0.04326923076923077
4 0.4326923076923077 0.5516826923076923 0.06971153846153846 0.038461538461538464
4 0.4411057692307692 0.5973557692307693 0.06610576923076923 0.07572115384615384
4 0.4411057692307692 0.6442307692307693 0.0733173076923077 0.04927884615384615
4 0.4375 0.6814903846153846 0.08052884615384616 0.06009615384615385
4 0.4362980769230769 0.7223557692307693 0.08413461538461539 0.08653846153846154
4 0.4326923076923077 0.7740384615384616 0.06971153846153846 0.08173076923076923
4 0.4326923076923077 0.8257211538461539 0.0625 0.08653846153846154
4 0.41586538461538464 0.8834134615384616 0.0733173076923077 0.09254807692307693
4 0.44711538461538464 0.9615384615384616 0.06971153846153846 0.06490384615384616
4 0.3737980769230769 0.28846153846153844 0.09134615384615384 0.054086538461538464
4 0.38100961538461536 0.31850961538461536 0.06971153846153846 0.038461538461538464
4 0.390625 0.3425480769230769 0.051682692307692304 0.03245192307692308
4 0.38461538461538464 0.3858173076923077 0.0625 0.054086538461538464
4 0.3629807692307692 0.43149038461538464 0.07692307692307693 0.04927884615384615
4 0.36899038461538464 0.4831730769230769 0.08052884615384616 0.04326923076923077
4 0.37259615384615385 0.5216346153846154 0.05889423076923077 0.03245192307692308
4 0.3737980769230769 0.5709134615384616 0.09134615384615384 0.08653846153846154
4 0.37740384615384615 0.6141826923076923 0.055288461538461536 0.04326923076923077
4 0.37259615384615385 0.6466346153846154 0.05889423076923077 0.06490384615384616
4 0.36658653846153844 0.6983173076923077 0.0625 0.08173076923076923
4 0.36899038461538464 0.7439903846153846 0.05889423076923077 0.07572115384615384
4 0.36538461538461536 0.7824519230769231 0.05889423076923077 0.08653846153846154
4 0.359375 0.8257211538461539 0.055288461538461536 0.07572115384615384
4 0.3737980769230769 0.9026442307692307 0.0625 0.10817307692307693
4 0.3173076923076923 0.30408653846153844 0.051682692307692304 0.054086538461538464
4 0.33052884615384615 0.3425480769230769 0.039663461538461536 0.03245192307692308
4 0.328125 0.375 0.04326923076923077 0.04326923076923077
4 0.3137019230769231 0.41346153846153844 0.051682692307692304 0.04326923076923077
4 0.3125 0.4567307692307692 0.039663461538461536 0.04326923076923077
4 0.3161057692307692 0.5024038461538461 0.03245192307692308 0.038461538461538464
4 0.3161057692307692 0.5432692307692307 0.03245192307692308 0.04326923076923077
4 0.3173076923076923 0.5925480769230769 0.04326923076923077 0.04326923076923077
4 0.3161057692307692 0.6382211538461539 0.046875 0.04927884615384615
4 0.3125 0.6850961538461539 0.046875 0.06490384615384616
4 0.3173076923076923 0.7223557692307693 0.036057692307692304 0.03245192307692308
4 0.32091346153846156 0.7560096153846154 0.036057692307692304 0.04326923076923077
4 0.31009615384615385 0.8293269230769231 0.051682692307692304 0.07091346153846154
4 0.31971153846153844 0.8810096153846154 0.03245192307692308 0.04326923076923077
4 0.22235576923076922 0.31009615384615385 0.08774038461538461 0.06490384615384616
4 0.2776442307692308 0.3641826923076923 0.05889423076923077 0.03245192307692308
4 0.8870192307692307 0.8257211538461539 0.12379807692307693 0.32572115384615385
4 0.9471153846153846 0.8185096153846154 0.0625 0.29927884615384615
4 0.9675480769230769 0.7884615384615384 0.05889423076923077 0.31490384615384615
4 0.036057692307692304 0.8581730769230769 0.05889423076923077 0.23918269230769232
4 0.06370192307692307 0.8473557692307693 0.0625 0.27163461538461536
4 0.2439903846153846 0.7908653846153846 0.10216346153846154 0.13581730769230768
4 0.25961538461538464 0.8774038461538461 0.08052884615384616 0.09254807692307693
4 0.25600961538461536 0.9290865384615384 0.109375 0.1310096153846154
4 0.25600961538461536 0.6706730769230769 0.051682692307692304 0.08173076923076923
4 0.2608173076923077 0.6117788461538461 0.0625 0.08173076923076923
4 0.2608173076923077 0.5625 0.039663461538461536 0.07091346153846154
4 0.2704326923076923 0.5168269230769231 0.036057692307692304 0.06490384615384616
4 0.27403846153846156 0.4723557692307692 0.036057692307692304 0.054086538461538464
4 0.25961538461538464 0.4206730769230769 0.04326923076923077 0.04927884615384615
4 0.10216346153846154 0.6382211538461539 0.051682692307692304 0.08173076923076923
4 0.014423076923076924 0.5817307692307693 0.028846153846153848 0.20673076923076922
4 0.04927884615384615 0.6033653846153846 0.03245192307692308 0.15264423076923078
4 0.0733173076923077 0.5793269230769231 0.036057692307692304 0.21153846153846154
4 0.11298076923076923 0.5408653846153846 0.028846153846153848 0.09254807692307693
4 0.12740384615384615 0.3293269230769231 0.04326923076923077 0.20072115384615385
4 0.15745192307692307 0.32572115384615385 0.036057692307692304 0.19591346153846154
4 0.08774038461538461 0.3473557692307692 0.028846153846153848 0.17427884615384615
4 0.0625 0.33653846153846156 0.036057692307692304 0.19591346153846154
4 0.038461538461538464 0.3557692307692308 0.018028846153846152 0.17908653846153846
4 0.025240384615384616 0.33653846153846156 0.028846153846153848 0.19591346153846154
4 0.020432692307692308 0.35336538461538464 0.039663461538461536 0.16346153846153846
4 0.9723557692307693 0.6009615384615384 0.046875 0.125
4 0.9266826923076923 0.6117788461538461 0.051682692307692304 0.125
4 0.8581730769230769 0.6057692307692307 0.051682692307692304 0.10336538461538461
4 0.8918269230769231 0.5949519230769231 0.03245192307692308 0.1141826923076923
4 0.8461538461538461 0.47836538461538464 0.036057692307692304 0.10817307692307693
4 0.8834134615384616 0.47596153846153844 0.04326923076923077 0.125
4 0.9194711538461539 0.45913461538461536 0.028846153846153848 0.13581730769230768
4 0.9411057692307693 0.4543269230769231 0.036057692307692304 0.1141826923076923
4 0.9651442307692307 0.4483173076923077 0.03245192307692308 0.125
4 0.9831730769230769 0.4483173076923077 0.025240384615384616 0.1466346153846154
4 0.8798076923076923 0.4050480769230769 0.0733173076923077 0.04927884615384615
4 0.9783653846153846 0.25841346153846156 0.036057692307692304 0.13581730769230768
4 0.9507211538461539 0.2692307692307692 0.039663461538461536 0.1466346153846154
4 0.9122596153846154 0.2668269230769231 0.028846153846153848 0.15264423076923078
4 0.859375 0.27403846153846156 0.07692307692307693 0.15745192307692307
4 0.9855769230769231 0.10576923076923077 0.021634615384615384 0.1466346153846154
4 0.9651442307692307 0.09495192307692307 0.025240384615384616 0.1466346153846154
4 0.9411057692307693 0.09495192307692307 0.028846153846153848 0.125
4 0.9074519230769231 0.09014423076923077 0.039663461538461536 0.13581730769230768
4 0.8762019230769231 0.09735576923076923 0.028846153846153848 0.1310096153846154
4 0.8413461538461539 0.10096153846153846 0.046875 0.1466346153846154
4 0.21153846153846154 0.24759615384615385 0.051682692307692304 0.06009615384615385
4 0.21394230769230768 0.1310096153846154 0.03245192307692308 0.10817307692307693
4 0.23918269230769232 0.10096153846153846 0.046875 0.17908653846153846
4 0.18629807692307693 0.09495192307692307 0.036057692307692304 0.18990384615384615
4 0.15384615384615385 0.09254807692307693 0.036057692307692304 0.18509615384615385
4 0.11899038461538461 0.09254807692307693 0.039663461538461536 0.18509615384615385
4 0.09615384615384616 0.09495192307692307 0.039663461538461536 0.18990384615384615
4 0.06971153846153846 0.09495192307692307 0.04326923076923077 0.18990384615384615
4 0.03485576923076923 0.09014423076923077 0.039663461538461536 0.17908653846153846
4 0.010817307692307692 0.09014423076923077 0.021634615384615384 0.15745192307692307
4 0.2439903846153846 0.7668269230769231 0.10216346153846154 0.06490384615384616