4 0.6935096153846154 0.7908653846153846 0.6045673076923077 0.4074519230769231
4 0.29447115384615385 0.7788461538461539 0.5649038461538461 0.4326923076923077
4 0.6045673076923077 0.5252403846153846 0.6165865384615384 0.20552884615384615
4 0.1466346153846154 0.6911057692307693 0.2920673076923077 0.47716346153846156
4 0.7211538461538461 0.43509615384615385 0.5492788461538461 0.30649038461538464
4 0.24759615384615385 0.4519230769230769 0.49399038461538464 0.24158653846153846
4 0.22596153846153846 0.3112980769230769 0.4519230769230769 0.18509615384615385
4 0.7980769230769231 0.30408653846153844 0.3954326923076923 0.19591346153846154
4 0.6045673076923077 0.23317307692307693 0.4423076923076923 0.13581730769230768
4 0.7752403846153846 0.1502403846153846 0.4423076923076923 0.1502403846153846
4 0.3641826923076923 0.17548076923076922 0.45072115384615385 0.20072115384615385