4 0.6754807692307693 0.765625 0.640625 0.45913461538461536
4 0.7319711538461539 0.46875 0.5288461538461539 0.21634615384615385
4 0.9579326923076923 0.23677884615384615 0.07692307692307693 0.41225961538461536
4 0.7283653846153846 0.35096153846153844 0.47475961538461536 0.09254807692307693
4 0.7259615384615384 0.2932692307692308 0.4098557692307692 0.06129807692307692
4 0.7259615384615384 0.24278846153846154 0.3942307692307692 0.03125
4 0.7295673076923077 0.21634615384615385 0.3942307692307692 0.040865384615384616
4 0.7319711538461539 0.19110576923076922 0.375 0.040865384615384616
4 0.7355769230769231 0.15985576923076922 0.35096153846153844 0.051682692307692304
4 0.7572115384615384 0.12860576923076922 0.3473557692307692 0.040865384615384616
4 0.7608173076923077 0.09495192307692307 0.3161057692307692 0.046875
4 0.19951923076923078 0.8629807692307693 0.39903846153846156 0.2644230769230769
4 0.20793269230769232 0.8221153846153846 0.4098557692307692 0.3245192307692308
4 0.22235576923076922 0.7608173076923077 0.44350961538461536 0.46875
4 0.23197115384615385 0.6646634615384616 0.46274038461538464 0.5252403846153846
4 0.2776442307692308 0.43509615384615385 0.4170673076923077 0.18028846153846154
4 0.3016826923076923 0.3713942307692308 0.4098557692307692 0.16466346153846154
4 0.31850961538461536 0.3173076923076923 0.38221153846153844 0.14903846153846154
4 0.34975961538461536 0.28125 0.359375 0.15985576923076922
4 0.3786057692307692 0.21634615384615385 0.3161057692307692 0.09254807692307693
4 0.3954326923076923 0.18870192307692307 0.30528846153846156 0.11899038461538461
4 0.41346153846153844 0.13701923076923078 0.2620192307692308 0.10817307692307693
4 0.4326923076923077 0.11057692307692307 0.24759615384615385 0.11899038461538461
4 0.453125 0.07211538461538461 0.21995192307692307 0.09254807692307693
4 0.17548076923076922 0.10336538461538461 0.24278846153846154 0.10336538461538461
4 0.12379807692307693 0.12860576923076922 0.24759615384615385 0.040865384615384616
4 0.06610576923076923 0.3786057692307692 0.1310096153846154 0.15985576923076922
4 0.08173076923076923 0.26802884615384615 0.16346153846153846 0.07451923076923077
4 0.09254807692307693 0.19831730769230768 0.1778846153846154 0.07692307692307693