4 0.5 0.6358173076923077 0.6538461538461539 0.7175480769230769
4 0.8990384615384616 0.9182692307692307 0.19471153846153846 0.15144230769230768
4 0.8473557692307693 0.7764423076923077 0.29927884615384615 0.11899038461538461
4 0.8509615384615384 0.6538461538461539 0.2920673076923077 0.11298076923076923
4 0.5012019230769231 0.7415865384615384 0.3557692307692308 0.15144230769230768
4 0.4963942307692308 0.6418269230769231 0.3713942307692308 0.12620192307692307
4 0.484375 0.5096153846153846 0.3641826923076923 0.15144230769230768
4 0.4855769230769231 0.37740384615384615 0.3425480769230769 0.13822115384615385
4 0.484375 0.2548076923076923 0.3269230769230769 0.11899038461538461
4 0.4951923076923077 0.12860576923076922 0.3557692307692308 0.13221153846153846
4 0.546875 0.040865384615384616 0.2764423076923077 0.08173076923076923
4 0.15384615384615385 0.21754807692307693 0.3076923076923077 0.13221153846153846
4 0.1466346153846154 0.33653846153846156 0.2920673076923077 0.10697115384615384
4 0.140625 0.42427884615384615 0.28125 0.12259615384615384
4 0.14302884615384615 0.5444711538461539 0.2860576923076923 0.13221153846153846
4 0.13822115384615385 0.6670673076923077 0.2764423076923077 0.10096153846153846
4 0.14543269230769232 0.09735576923076923 0.29086538461538464 0.10817307692307693
4 0.8377403846153846 0.5252403846153846 0.3173076923076923 0.15745192307692307
4 0.8353365384615384 0.4026442307692308 0.3233173076923077 0.10096153846153846
4 0.8305288461538461 0.30528846153846156 0.3329326923076923 0.14423076923076922
4 0.8377403846153846 0.19471153846153846 0.3173076923076923 0.10096153846153846
4 0.8305288461538461 0.10096153846153846 0.3329326923076923 0.12620192307692307
4 0.8425480769230769 0.02283653846153846 0.31009615384615385 0.04567307692307692