5 0.6778846153846154 0.6201923076923077 0.19951923076923078 0.7331730769230769
5 0.6754807692307693 0.2776442307692308 0.08052884615384616 0.057692307692307696
5 0.4891826923076923 0.2800480769230769 0.07091346153846154 0.052884615384615384
5 0.2980769230769231 0.2800480769230769 0.08052884615384616 0.0625
5 0.11057692307692307 0.2800480769230769 0.07091346153846154 0.0625
5 0.7716346153846154 0.15144230769230768 0.07572115384615384 0.052884615384615384
5 0.8737980769230769 0.03125 0.08413461538461539 0.0625
5 0.6850961538461539 0.025240384615384616 0.09134615384615384 0.05048076923076923
5 0.5865384615384616 0.15384615384615385 0.08052884615384616 0.057692307692307696
5 0.39783653846153844 0.15384615384615385 0.07572115384615384 0.04927884615384615
5 0.49759615384615385 0.03125 0.08052884615384616 0.0625
5 0.30649038461538464 0.03365384615384615 0.08052884615384616 0.057692307692307696
5 0.2091346153846154 0.15384615384615385 0.08052884615384616 0.057692307692307696
5 0.49158653846153844 0.6177884615384616 0.18269230769230768 0.7379807692307693
5 0.2980769230769231 0.6201923076923077 0.19591346153846154 0.7427884615384616
5 0.109375 0.6225961538461539 0.19951923076923078 0.7463942307692307
5 0.7824519230769231 0.49278846153846156 0.16947115384615385 0.7283653846153846
5 0.875 0.3737980769230769 0.18629807692307693 0.7379807692307693
5 0.6887019230769231 0.13341346153846154 0.1778846153846154 0.2668269230769231
5 0.5889423076923077 0.2512019230769231 0.19951923076923078 0.2536057692307692
5 0.5048076923076923 0.125 0.17307692307692307 0.24879807692307693
5 0.4026442307692308 0.2644230769230769 0.18269230769230768 0.27163461538461536
5 0.21153846153846154 0.2536057692307692 0.19110576923076922 0.25721153846153844
5 0.3112980769230769 0.12259615384615384 0.1778846153846154 0.2439903846153846