5 0.13341346153846154 0.13822115384615385 0.13341346153846154 0.08173076923076923
5 0.13942307692307693 0.48197115384615385 0.25600961538461536 0.7692307692307693
5 0.30288461538461536 0.14903846153846154 0.11658653846153846 0.07211538461538461
5 0.3245192307692308 0.484375 0.19471153846153846 0.7439903846153846
5 0.4639423076923077 0.16466346153846154 0.11658653846153846 0.07211538461538461
5 0.4891826923076923 0.4795673076923077 0.18870192307692307 0.703125
5 0.6189903846153846 0.17668269230769232 0.10576923076923077 0.06610576923076923
5 0.6442307692307693 0.47716346153846156 0.1778846153846154 0.6670673076923077
5 0.7836538461538461 0.1875 0.09975961538461539 0.06610576923076923
5 0.796875 0.4723557692307692 0.171875 0.6358173076923077
5 0.9302884615384616 0.19951923076923078 0.09495192307692307 0.06129807692307692
5 0.9302884615384616 0.4723557692307692 0.12740384615384615 0.5841346153846154