5 0.20673076923076922 0.8557692307692307 0.41346153846153844 0.27884615384615385
5 0.2247596153846154 0.7896634615384616 0.38100961538461536 0.40865384615384615
5 0.4338942307692308 0.9278846153846154 0.07572115384615384 0.13221153846153846
5 0.6069711538461539 0.8076923076923077 0.3016826923076923 0.3713942307692308
5 0.6322115384615384 0.4807692307692308 0.14423076923076922 0.38341346153846156
5 0.8521634615384616 0.7824519230769231 0.20072115384615385 0.421875
5 0.9507211538461539 0.6382211538461539 0.09134615384615384 0.7103365384615384
5 0.9326923076923077 0.3076923076923077 0.12860576923076922 0.3269230769230769
5 0.90625 0.10697115384615384 0.18269230769230768 0.21394230769230768
5 0.6105769230769231 0.18870192307692307 0.2704326923076923 0.37740384615384615
5 0.5697115384615384 0.15384615384615385 0.23317307692307693 0.3076923076923077
5 0.41346153846153844 0.5408653846153846 0.3173076923076923 0.6538461538461539
5 0.3112980769230769 0.3557692307692308 0.3713942307692308 0.7103365384615384
5 0.1045673076923077 0.09495192307692307 0.08413461538461539 0.18990384615384615
5 0.039663461538461536 0.2644230769230769 0.078125 0.5288461538461539
5 0.1502403846153846 0.5540865384615384 0.3004807692307692 0.3293269230769231