5 0.8978365384615384 0.5 0.1971153846153846 0.9879807692307693
5 0.53125 0.49759615384615385 0.5564903846153846 0.9939903846153846
5 0.1814903846153846 0.5 0.3629807692307692 0.9879807692307693
5 0.9230769230769231 0.14543269230769232 0.13942307692307693 0.16105769230769232
5 0.5348557692307693 0.11899038461538461 0.2764423076923077 0.23798076923076922
5 0.18509615384615385 0.10697115384615384 0.18990384615384615 0.20192307692307693
5 0.35216346153846156 0.16105769230769232 0.11057692307692307 0.16706730769230768
5 0.04807692307692308 0.15144230769230768 0.09615384615384616 0.13701923076923078
5 0.055288461538461536 0.43149038461538464 0.11057692307692307 0.7079326923076923
5 0.34615384615384615 0.35096153846153844 0.1466346153846154 0.5480769230769231
5 0.8677884615384616 0.4170673076923077 0.23677884615384615 0.7139423076923077