5 0.9182692307692307 0.3016826923076923 0.08413461538461539 0.20432692307692307
5 0.9158653846153846 0.21754807692307693 0.04447115384615385 0.036057692307692304
5 0.8088942307692307 0.2848557692307692 0.0889423076923077 0.23076923076923078
5 0.8064903846153846 0.18389423076923078 0.03125 0.03125
5 0.6935096153846154 0.15745192307692307 0.036057692307692304 0.03125
5 0.5817307692307693 0.14423076923076922 0.036057692307692304 0.03125
5 0.47115384615384615 0.15504807692307693 0.036057692307692304 0.036057692307692304
5 0.3581730769230769 0.15384615384615385 0.039663461538461536 0.03125
5 0.2439903846153846 0.13822115384615385 0.036057692307692304 0.036057692307692304
5 0.13581730769230768 0.06009615384615385 0.03125 0.03125
5 0.13341346153846154 0.5709134615384616 0.0625 0.04927884615384615
5 0.3112980769230769 0.578125 0.036057692307692304 0.026442307692307692
5 0.4639423076923077 0.5733173076923077 0.03125 0.026442307692307692
5 0.6129807692307693 0.5817307692307693 0.036057692307692304 0.026442307692307692
5 0.7644230769230769 0.5997596153846154 0.036057692307692304 0.036057692307692304
5 0.9158653846153846 0.6418269230769231 0.026442307692307692 0.03125
5 0.9182692307692307 0.7884615384615384 0.08413461538461539 0.3161057692307692
5 0.7644230769230769 0.7644230769230769 0.125 0.3641826923076923
5 0.6153846153846154 0.7572115384615384 0.10216346153846154 0.37740384615384615
5 0.4639423076923077 0.7512019230769231 0.11057692307692307 0.38221153846153844
5 0.3137019230769231 0.7560096153846154 0.09375 0.3737980769230769
5 0.13581730769230768 0.5372596153846154 0.13822115384615385 0.13341346153846154
5 0.13581730769230768 0.7067307692307693 0.2091346153846154 0.47115384615384615
5 0.6959134615384616 0.27163461538461536 0.09375 0.25721153846153844
5 0.5865384615384616 0.2668269230769231 0.0889423076923077 0.2668269230769231
5 0.46875 0.2668269230769231 0.09375 0.25721153846153844
5 0.3581730769230769 0.2668269230769231 0.09375 0.25721153846153844
5 0.24639423076923078 0.25721153846153844 0.08413461538461539 0.27524038461538464
5 0.13341346153846154 0.22235576923076922 0.10697115384615384 0.34615384615384615