5 0.8737980769230769 0.5 0.24759615384615385 0.9867788461538461
5 0.7127403846153846 0.7932692307692307 0.25240384615384615 0.40024038461538464
5 0.6177884615384616 0.9555288461538461 0.18389423076923078 0.07572115384615384
5 0.8461538461538461 0.14182692307692307 0.3016826923076923 0.2824519230769231
5 0.5901442307692307 0.3173076923076923 0.4050480769230769 0.6346153846153846
5 0.30408653846153844 0.5997596153846154 0.4362980769230769 0.7860576923076923
5 0.3016826923076923 0.14783653846153846 0.171875 0.19951923076923078
5 0.22596153846153846 0.22115384615384615 0.45072115384615385 0.4411057692307692
5 0.11177884615384616 0.6514423076923077 0.22355769230769232 0.6826923076923077
5 0.2620192307692308 0.8725961538461539 0.20072115384615385 0.24158653846153846
5 0.5504807692307693 0.6586538461538461 0.140625 0.5588942307692307