5 0.8088942307692307 0.5709134615384616 0.15745192307692307 0.3161057692307692
5 0.6862980769230769 0.6466346153846154 0.11538461538461539 0.2091346153846154
5 0.3557692307692308 0.36177884615384615 0.12980769230769232 0.18028846153846154
5 0.28725961538461536 0.46033653846153844 0.16826923076923078 0.265625
5 0.17067307692307693 0.5144230769230769 0.19951923076923078 0.15865384615384615
5 0.27163461538461536 0.6887019230769231 0.1935096153846154 0.18028846153846154
5 0.4050480769230769 0.6610576923076923 0.12259615384615384 0.203125
5 0.4387019230769231 0.5252403846153846 0.09134615384615384 0.23677884615384615
5 0.5492788461538461 0.6610576923076923 0.15144230769230768 0.16947115384615385
5 0.5793269230769231 0.47716346153846156 0.18269230769230768 0.2764423076923077
5 0.6454326923076923 0.4014423076923077 0.2247596153846154 0.3161057692307692
5 0.7487980769230769 0.34975961538461536 0.21394230769230768 0.21514423076923078
5 0.5384615384615384 0.33052884615384615 0.2283653846153846 0.19831730769230768
5 0.3786057692307692 0.2403846153846154 0.09134615384615384 0.0733173076923077