5 0.9242788461538461 0.578125 0.020432692307692308 0.06370192307692307
5 0.8173076923076923 0.5685096153846154 0.027644230769230768 0.08052884615384616
5 0.6983173076923077 0.640625 0.02403846153846154 0.028846153846153848
5 0.6177884615384616 0.5721153846153846 0.020432692307692308 0.039663461538461536
5 0.5396634615384616 0.6814903846153846 0.016826923076923076 0.039663461538461536
5 0.9170673076923077 0.12379807692307693 0.027644230769230768 0.039663461538461536
5 0.8245192307692307 0.078125 0.027644230769230768 0.039663461538461536
5 0.6670673076923077 0.10336538461538461 0.02403846153846154 0.08052884615384616
5 0.5745192307692307 0.06610576923076923 0.02403846153846154 0.07451923076923077
5 0.921875 0.7331730769230769 0.06610576923076923 0.3737980769230769
5 0.8209134615384616 0.7235576923076923 0.06850961538461539 0.4026442307692308
5 0.9194711538461539 0.2668269230769231 0.05889423076923077 0.328125
5 0.8257211538461539 0.2439903846153846 0.06610576923076923 0.3737980769230769
5 0.6694711538461539 0.25 0.055288461538461536 0.36177884615384615
5 0.5745192307692307 0.22956730769230768 0.07211538461538461 0.4026442307692308
5 0.7019230769230769 0.7848557692307693 0.05889423076923077 0.3161057692307692
5 0.6189903846153846 0.7475961538461539 0.07211538461538461 0.390625
5 0.5396634615384616 0.8040865384615384 0.04447115384615385 0.2764423076923077
5 0.4050480769230769 0.2956730769230769 0.04447115384615385 0.06370192307692307
5 0.23918269230769232 0.13822115384615385 0.04447115384615385 0.06850961538461539
5 0.0829326923076923 0.3701923076923077 0.040865384615384616 0.07451923076923077
5 0.24158653846153846 0.4879807692307692 0.14423076923076922 0.7704326923076923
5 0.4050480769230769 0.5721153846153846 0.1141826923076923 0.6153846153846154
5 0.08413461538461539 0.609375 0.09254807692307693 0.5516826923076923