5 0.18389423076923078 0.12620192307692307 0.054086538461538464 0.08774038461538461
5 0.41466346153846156 0.24278846153846154 0.057692307692307696 0.08173076923076923
5 0.40865384615384615 0.10096153846153846 0.06850961538461539 0.1141826923076923
5 0.5276442307692307 0.1201923076923077 0.13822115384615385 0.22956730769230768
5 0.5240384615384616 0.15264423076923078 0.12379807692307693 0.16346153846153846
5 0.7307692307692307 0.13942307692307693 0.08052884615384616 0.10336538461538461
5 0.8762019230769231 0.41225961538461536 0.06490384615384616 0.08173076923076923
5 0.7944711538461539 0.30649038461538464 0.054086538461538464 0.06610576923076923
5 0.22596153846153846 0.6201923076923077 0.06490384615384616 0.08173076923076923
5 0.4723557692307692 0.8257211538461539 0.04326923076923077 0.06610576923076923
5 0.6201923076923077 0.7512019230769231 0.039663461538461536 0.07091346153846154
5 0.9831730769230769 0.8413461538461539 0.025240384615384616 0.0985576923076923
5 0.037259615384615384 0.19471153846153846 0.07451923076923077 0.10576923076923077
5 0.10576923076923077 0.10096153846153846 0.06490384615384616 0.08173076923076923
5 0.038461538461538464 0.1201923076923077 0.07692307692307693 0.2403846153846154
5 0.3641826923076923 0.5168269230769231 0.057692307692307696 0.07091346153846154
5 0.9783653846153846 0.8473557692307693 0.036057692307692304 0.16346153846153846
5 0.890625 0.9014423076923077 0.21033653846153846 0.18629807692307693
5 0.9038461538461539 0.7572115384615384 0.18509615384615385 0.234375
5 0.8713942307692307 0.7127403846153846 0.039663461538461536 0.04927884615384615
5 0.9471153846153846 0.6225961538461539 0.0985576923076923 0.1310096153846154
5 0.9543269230769231 0.47836538461538464 0.08413461538461539 0.24639423076923078
5 0.8641826923076923 0.5961538461538461 0.1346153846153846 0.17427884615384615
5 0.8653846153846154 0.41225961538461536 0.21033653846153846 0.3004807692307692
5 0.9507211538461539 0.16947115384615385 0.09134615384615384 0.3389423076923077
5 0.8617788461538461 0.055288461538461536 0.10817307692307693 0.11057692307692307
5 0.7451923076923077 0.18870192307692307 0.3858173076923077 0.26802884615384615
5 0.7103365384615384 0.34975961538461536 0.06850961538461539 0.0985576923076923
5 0.7151442307692307 0.4098557692307692 0.09134615384615384 0.20793269230769232
5 0.7367788461538461 0.45913461538461536 0.0985576923076923 0.21875
5 0.5949519230769231 0.36658653846153844 0.14182692307692307 0.20793269230769232
5 0.6478365384615384 0.453125 0.13822115384615385 0.2403846153846154
5 0.7668269230769231 0.7463942307692307 0.19591346153846154 0.34375
5 0.6382211538461539 0.6033653846153846 0.19230769230769232 0.3557692307692308
5 0.5216346153846154 0.6911057692307693 0.2512019230769231 0.6069711538461539
5 0.5745192307692307 0.6971153846153846 0.10216346153846154 0.3004807692307692
5 0.5985576923076923 0.78125 0.14903846153846154 0.4266826923076923
5 0.7403846153846154 0.9483173076923077 0.18509615384615385 0.09254807692307693
5 0.71875 0.8930288461538461 0.11298076923076923 0.12620192307692307
5 0.4543269230769231 0.9122596153846154 0.14543269230769232 0.16346153846153846
5 0.23317307692307693 0.6971153846153846 0.4651442307692308 0.3112980769230769
5 0.020432692307692308 0.8930288461538461 0.039663461538461536 0.20192307692307693
5 0.10697115384615384 0.9122596153846154 0.16346153846153846 0.1201923076923077
5 0.17427884615384615 0.8197115384615384 0.16706730769230768 0.14182692307692307
5 0.32211538461538464 0.9399038461538461 0.17067307692307693 0.109375
5 0.3233173076923077 0.8665865384615384 0.14543269230769232 0.08173076923076923
5 0.2620192307692308 0.6442307692307693 0.3713942307692308 0.17427884615384615
5 0.24519230769230768 0.5576923076923077 0.19951923076923078 0.1310096153846154
5 0.14783653846153846 0.37740384615384615 0.09134615384615384 0.20793269230769232
5 0.17307692307692307 0.39663461538461536 0.3449519230769231 0.28966346153846156
5 0.29086538461538464 0.19471153846153846 0.11057692307692307 0.3894230769230769
5 0.40384615384615385 0.28125 0.16706730769230768 0.234375
5 0.47115384615384615 0.35216346153846156 0.1201923076923077 0.234375
5 0.39663461538461536 0.1045673076923077 0.1346153846153846 0.2091346153846154
5 0.47836538461538464 0.04927884615384615 0.11298076923076923 0.0985576923076923
5 0.19230769230769232 0.16105769230769232 0.09495192307692307 0.32211538461538464
5 0.11658653846153846 0.13942307692307693 0.08052884615384616 0.27884615384615385
5 0.4987980769230769 0.49759615384615385 0.9975961538461539 0.9951923076923077