5 0.9182692307692307 0.39302884615384615 0.046875 0.0985576923076923
5 0.8233173076923077 0.328125 0.054086538461538464 0.1201923076923077
5 0.7307692307692307 0.34134615384615385 0.057692307692307696 0.08173076923076923
5 0.6165865384615384 0.15264423076923078 0.06850961538461539 0.109375
5 0.4855769230769231 0.1502403846153846 0.07692307692307693 0.09254807692307693
5 0.36538461538461536 0.23798076923076922 0.06850961538461539 0.06009615384615385
5 0.2704326923076923 0.28725961538461536 0.06850961538461539 0.07091346153846154
5 0.17067307692307693 0.3004807692307692 0.057692307692307696 0.06610576923076923
5 0.08774038461538461 0.37740384615384615 0.05048076923076923 0.06610576923076923
5 0.9290865384615384 0.6310096153846154 0.0985576923076923 0.5733173076923077
5 0.8365384615384616 0.5985576923076923 0.10216346153846154 0.6502403846153846
5 0.7307692307692307 0.6225961538461539 0.11658653846153846 0.6225961538461539
5 0.6201923076923077 0.5276442307692307 0.1346153846153846 0.8473557692307693
5 0.49038461538461536 0.5408653846153846 0.15985576923076922 0.8629807692307693
5 0.36177884615384615 0.5733173076923077 0.14903846153846154 0.7427884615384616
5 0.25961538461538464 0.5961538461538461 0.11298076923076923 0.6778846153846154
5 0.15865384615384615 0.5925480769230769 0.0985576923076923 0.6394230769230769
5 0.0733173076923077 0.6262019230769231 0.0733173076923077 0.5516826923076923