5 0.8209134615384616 0.3485576923076923 0.14543269230769232 0.19831730769230768
5 0.5204326923076923 0.2860576923076923 0.140625 0.17668269230769232
5 0.35697115384615385 0.109375 0.12620192307692307 0.16706730769230768
5 0.1622596153846154 0.43028846153846156 0.140625 0.18269230769230768
5 0.10336538461538461 0.7548076923076923 0.15264423076923078 0.20793269230769232
5 0.48677884615384615 0.5985576923076923 0.15625 0.20793269230769232
5 0.8545673076923077 0.625 0.2824519230769231 0.7391826923076923
5 0.59375 0.515625 0.2860576923076923 0.6454326923076923
5 0.41586538461538464 0.39302884615384615 0.2439903846153846 0.734375
5 0.578125 0.7451923076923077 0.3473557692307692 0.5
5 0.19831730769230768 0.8257211538461539 0.35096153846153844 0.3389423076923077
5 0.25721153846153844 0.5889423076923077 0.3317307692307692 0.5