5 0.9483173076923077 0.8497596153846154 0.09735576923076923 0.2848557692307692
5 0.8966346153846154 0.8810096153846154 0.08774038461538461 0.22355769230769232
5 0.9278846153846154 0.7536057692307693 0.13942307692307693 0.13822115384615385
5 0.9723557692307693 0.6081730769230769 0.04927884615384615 0.21514423076923078
5 0.9350961538461539 0.5072115384615384 0.12379807692307693 0.36899038461538464
5 0.9711538461538461 0.24639423076923078 0.051682692307692304 0.19951923076923078
5 0.9266826923076923 0.28846153846153844 0.054086538461538464 0.1310096153846154
5 0.9290865384615384 0.12379807692307693 0.14182692307692307 0.24759615384615385
5 0.9819711538461539 0.046875 0.036057692307692304 0.09375
5 0.8569711538461539 0.33413461538461536 0.11057692307692307 0.2848557692307692
5 0.8112980769230769 0.41947115384615385 0.09735576923076923 0.3004807692307692
5 0.8425480769230769 0.6538461538461539 0.07211538461538461 0.15384615384615385
5 0.796875 0.6610576923076923 0.051682692307692304 0.13822115384615385
5 0.7908653846153846 0.8617788461538461 0.15504807692307693 0.2620192307692308
5 0.7259615384615384 0.9194711538461539 0.1622596153846154 0.1466346153846154
5 0.6237980769230769 0.8112980769230769 0.18509615384615385 0.36177884615384615
5 0.7103365384615384 0.6923076923076923 0.12139423076923077 0.21514423076923078
5 0.7475961538461539 0.5228365384615384 0.06129807692307692 0.18509615384615385
5 0.6850961538461539 0.5192307692307693 0.0673076923076923 0.16105769230769232
5 0.7403846153846154 0.36177884615384615 0.06490384615384616 0.16947115384615385
5 0.7379807692307693 0.15745192307692307 0.10576923076923077 0.2848557692307692
5 0.8209134615384616 0.10336538461538461 0.07932692307692307 0.16105769230769232
5 0.5925480769230769 0.5769230769230769 0.12860576923076922 0.10817307692307693
5 0.5925480769230769 0.4230769230769231 0.10817307692307693 0.19951923076923078
5 0.6466346153846154 0.37259615384615385 0.08774038461538461 0.17668269230769232
5 0.6995192307692307 0.4543269230769231 0.1466346153846154 0.2620192307692308
5 0.6045673076923077 0.2848557692307692 0.038461538461538464 0.12259615384615384
5 0.6526442307692307 0.15745192307692307 0.07211538461538461 0.31490384615384615
5 0.6742788461538461 0.027644230769230768 0.05048076923076923 0.055288461538461536
5 0.5637019230769231 0.13822115384615385 0.06490384615384616 0.21514423076923078
5 0.5889423076923077 0.1658653846153846 0.07451923076923077 0.2848557692307692
5 0.5612980769230769 0.046875 0.11778846153846154 0.09375
5 0.4855769230769231 0.042067307692307696 0.04927884615384615 0.08413461538461539
5 0.42788461538461536 0.09254807692307693 0.06129807692307692 0.18509615384615385
5 0.47716346153846156 0.15384615384615385 0.11899038461538461 0.18509615384615385
5 0.49278846153846156 0.3389423076923077 0.09735576923076923 0.18509615384615385
5 0.5036057692307693 0.5697115384615384 0.07451923076923077 0.2620192307692308
5 0.4639423076923077 0.8581730769230769 0.07211538461538461 0.2692307692307692
5 0.4963942307692308 0.7884615384615384 0.038461538461538464 0.11538461538461539
5 0.5168269230769231 0.8846153846153846 0.05889423076923077 0.18509615384615385
5 0.5516826923076923 0.9423076923076923 0.06129807692307692 0.09975961538461539
5 0.35336538461538464 0.9579326923076923 0.15985576923076922 0.06971153846153846
5 0.3737980769230769 0.8076923076923077 0.12379807692307693 0.2920673076923077
5 0.359375 0.5576923076923077 0.1935096153846154 0.3004807692307692
5 0.3762019230769231 0.37740384615384615 0.08774038461538461 0.10817307692307693
5 0.2536057692307692 0.5120192307692307 0.1466346153846154 0.34615384615384615
5 0.3401442307692308 0.2692307692307692 0.13942307692307693 0.2920673076923077
5 0.33653846153846156 0.06971153846153846 0.14182692307692307 0.13822115384615385
5 0.2247596153846154 0.0889423076923077 0.10336538461538461 0.17668269230769232
5 0.0733173076923077 0.0733173076923077 0.07451923076923077 0.1310096153846154
5 0.08533653846153846 0.06971153846153846 0.17067307692307693 0.13822115384615385
5 0.015625 0.1346153846153846 0.03125 0.11538461538461539
5 0.09495192307692307 0.25721153846153844 0.1346153846153846 0.2536057692307692
5 0.1778846153846154 0.2536057692307692 0.0829326923076923 0.23076923076923078
5 0.23798076923076922 0.27283653846153844 0.06971153846153846 0.1466346153846154
5 0.025240384615384616 0.4735576923076923 0.05048076923076923 0.3173076923076923
5 0.07211538461538461 0.6466346153846154 0.14423076923076922 0.2620192307692308
5 0.057692307692307696 0.8389423076923077 0.11538461538461539 0.3076923076923077
5 0.16826923076923078 0.8966346153846154 0.17307692307692307 0.19230769230769232
5 0.19230769230769232 0.734375 0.15745192307692307 0.34615384615384615
5 0.12379807692307693 0.5192307692307693 0.14903846153846154 0.22355769230769232
5 0.4987980769230769 0.4963942307692308 0.9975961538461539 0.9927884615384616