5 0.9362980769230769 0.5805288461538461 0.10697115384615384 0.6959134615384616
5 0.9387019230769231 0.5144230769230769 0.09615384615384616 0.13701923076923078
5 0.9387019230769231 0.2620192307692308 0.056490384615384616 0.06009615384615385
5 0.8161057692307693 0.2800480769230769 0.052884615384615384 0.06009615384615385
5 0.8185096153846154 0.4579326923076923 0.09014423076923077 0.1310096153846154
5 0.8221153846153846 0.5745192307692307 0.11057692307692307 0.6370192307692307
5 0.6995192307692307 0.3545673076923077 0.052884615384615384 0.06490384615384616
5 0.7019230769230769 0.6875 0.10336538461538461 0.16105769230769232
5 0.7019230769230769 0.6105769230769231 0.11057692307692307 0.5769230769230769
5 0.5805288461538461 0.32091346153846156 0.052884615384615384 0.07091346153846154
5 0.46153846153846156 0.2764423076923077 0.056490384615384616 0.054086538461538464
5 0.5853365384615384 0.5865384615384616 0.10336538461538461 0.6129807692307693
5 0.4579326923076923 0.5709134615384616 0.11057692307692307 0.6430288461538461
5 0.34375 0.2764423076923077 0.052884615384615384 0.06490384615384616
5 0.3401442307692308 0.5625 0.09975961538461539 0.6490384615384616
5 0.23197115384615385 0.3449519230769231 0.05048076923076923 0.07091346153846154
5 0.23677884615384615 0.6069711538461539 0.11298076923076923 0.5829326923076923
5 0.11057692307692307 0.2860576923076923 0.052884615384615384 0.07091346153846154
5 0.11177884615384616 0.5769230769230769 0.10336538461538461 0.6550480769230769
5 0.010817307692307692 0.33413461538461536 0.021634615384615384 0.0625
5 0.025240384615384616 0.6009615384615384 0.05048076923076923 0.5949519230769231