5 0.5132211538461539 0.6923076923076923 0.09495192307692307 0.14543269230769232
5 0.5649038461538461 0.5360576923076923 0.07692307692307693 0.1141826923076923
5 0.6502403846153846 0.43028846153846156 0.08774038461538461 0.109375
5 0.5841346153846154 0.20072115384615385 0.10697115384615384 0.15144230769230768
5 0.7211538461538461 0.125 0.08413461538461539 0.09375
5 0.3112980769230769 0.6670673076923077 0.11778846153846154 0.13581730769230768
5 0.8377403846153846 0.3798076923076923 0.3173076923076923 0.6045673076923077
5 0.7019230769230769 0.45072115384615385 0.18269230769230768 0.16105769230769232
5 0.7632211538461539 0.6875 0.4651442307692308 0.4266826923076923
5 0.7307692307692307 0.7548076923076923 0.5300480769230769 0.2704326923076923
5 0.39302884615384615 0.5697115384615384 0.2980769230769231 0.2764423076923077
5 0.5444711538461539 0.2920673076923077 0.24759615384615385 0.3329326923076923
5 0.20072115384615385 0.6490384615384616 0.3317307692307692 0.2548076923076923
5 0.25600961538461536 0.8149038461538461 0.41225961538461536 0.171875
5 0.40625 0.7884615384615384 0.19471153846153846 0.21394230769230768
5 0.051682692307692304 0.8725961538461539 0.10336538461538461 0.057692307692307696
5 0.04447115384615385 0.5336538461538461 0.08774038461538461 0.6201923076923077
5 0.21153846153846154 0.36778846153846156 0.3317307692307692 0.328125
5 0.22716346153846154 0.125 0.2403846153846154 0.13581730769230768
5 0.08413461538461539 0.20793269230769232 0.16826923076923078 0.22956730769230768
5 0.4326923076923077 0.20552884615384615 0.06490384615384616 0.0985576923076923
5 0.14543269230769232 0.03125 0.06129807692307692 0.0625
5 0.08774038461538461 0.055288461538461536 0.17548076923076922 0.109375
5 0.30528846153846156 0.03365384615384615 0.25961538461538464 0.0673076923076923
5 0.5456730769230769 0.12259615384615384 0.06129807692307692 0.057692307692307696
5 0.9182692307692307 0.23918269230769232 0.15625 0.13581730769230768
5 0.8665865384615384 0.1201923076923077 0.08413461538461539 0.13581730769230768
5 0.9603365384615384 0.13581730769230768 0.07211538461538461 0.125
5 0.9122596153846154 0.057692307692307696 0.12259615384615384 0.1141826923076923
5 0.7199519230769231 0.1201923076923077 0.3088942307692308 0.23918269230769232
5 0.48677884615384615 0.09615384615384616 0.14903846153846154 0.19230769230769232
5 0.39302884615384615 0.14302884615384615 0.07692307692307693 0.1201923076923077
5 0.41225961538461536 0.3016826923076923 0.12980769230769232 0.25
5 0.4987980769230769 0.4483173076923077 0.9975961538461539 0.8966346153846154