5 0.3870192307692308 0.5408653846153846 0.1778846153846154 0.20793269230769232
5 0.4639423076923077 0.5384615384615384 0.10576923076923077 0.19110576923076922
5 0.6550480769230769 0.22956730769230768 0.109375 0.0985576923076923
5 0.9254807692307693 0.1310096153846154 0.10576923076923077 0.14182692307692307
5 0.06009615384615385 0.5240384615384616 0.1201923076923077 0.22956730769230768
5 0.21514423076923078 0.6526442307692307 0.09495192307692307 0.13701923076923078
5 0.10576923076923077 0.3605769230769231 0.10216346153846154 0.17427884615384615
5 0.4266826923076923 0.3137019230769231 0.0985576923076923 0.1141826923076923
5 0.6490384615384616 0.4807692307692308 0.33052884615384615 0.41586538461538464
5 0.5276442307692307 0.7536057692307693 0.0733173076923077 0.1310096153846154
5 0.7632211538461539 0.8389423076923077 0.4651442307692308 0.3112980769230769
5 0.7019230769230769 0.5685096153846154 0.5889423076923077 0.5901442307692307
5 0.8605769230769231 0.1310096153846154 0.27283653846153844 0.2620192307692308
5 0.265625 0.7163461538461539 0.40024038461538464 0.5576923076923077
5 0.6322115384615384 0.8197115384615384 0.40024038461538464 0.34975961538461536
5 0.15504807692307693 0.7920673076923077 0.265625 0.40384615384615385
5 0.040865384615384616 0.5300480769230769 0.08173076923076923 0.24278846153846154
5 0.05889423076923077 0.7019230769230769 0.11778846153846154 0.5865384615384616
5 0.0733173076923077 0.36658653846153844 0.14543269230769232 0.1971153846153846
5 0.5805288461538461 0.14783653846153846 0.5997596153846154 0.2956730769230769
5 0.2704326923076923 0.3629807692307692 0.4110576923076923 0.43149038461538464
5 0.0625 0.28966346153846156 0.125 0.2764423076923077
5 0.10817307692307693 0.08533653846153846 0.21634615384615385 0.17067307692307693
5 0.3449519230769231 0.07692307692307693 0.45072115384615385 0.15264423076923078