5 0.9362980769230769 0.7584134615384616 0.1201923076923077 0.4699519230769231
5 0.9579326923076923 0.8365384615384616 0.07692307692307693 0.31490384615384615
5 0.8762019230769231 0.6009615384615384 0.2403846153846154 0.15504807692307693
5 0.9579326923076923 0.4735576923076923 0.05048076923076923 0.07692307692307693
5 0.9399038461538461 0.25841346153846156 0.11298076923076923 0.49399038461538464
5 0.9194711538461539 0.27403846153846156 0.046875 0.0829326923076923
5 0.7752403846153846 0.09495192307692307 0.21634615384615385 0.15504807692307693
5 0.8233173076923077 0.23798076923076922 0.2403846153846154 0.14302884615384615
5 0.7932692307692307 0.4170673076923077 0.27283653846153844 0.25
5 0.7644230769230769 0.3125 0.26322115384615385 0.18509615384615385
5 0.8088942307692307 0.5769230769230769 0.18990384615384615 0.21394230769230768
5 0.8461538461538461 0.8305288461538461 0.1201923076923077 0.3269230769230769
5 0.7451923076923077 0.8245192307692307 0.16346153846153846 0.3389423076923077
5 0.6538461538461539 0.6814903846153846 0.13341346153846154 0.6009615384615384
5 0.44350961538461536 0.3329326923076923 0.03365384615384615 0.06009615384615385
5 0.5420673076923077 0.3629807692307692 0.22956730769230768 0.15504807692307693
5 0.546875 0.24759615384615385 0.13341346153846154 0.13701923076923078
5 0.5697115384615384 0.1875 0.15384615384615385 0.19591346153846154
5 0.6454326923076923 0.14302884615384615 0.12379807692307693 0.21394230769230768
5 0.3798076923076923 0.17307692307692307 0.2668269230769231 0.2860576923076923
5 0.3701923076923077 0.3629807692307692 0.12620192307692307 0.20192307692307693
5 0.34375 0.4375 0.20673076923076922 0.125
5 0.46875 0.4675480769230769 0.12379807692307693 0.18509615384615385
5 0.4795673076923077 0.6754807692307693 0.046875 0.20793269230769232
5 0.546875 0.6610576923076923 0.12620192307692307 0.4519230769230769
5 0.47115384615384615 0.9435096153846154 0.16346153846153846 0.10096153846153846
5 0.5805288461538461 0.9495192307692307 0.06610576923076923 0.0889423076923077
5 0.3954326923076923 0.8545673076923077 0.16947115384615385 0.16105769230769232
5 0.3233173076923077 0.9170673076923077 0.1466346153846154 0.15504807692307693
5 0.11177884615384616 0.6045673076923077 0.15625 0.44591346153846156
5 0.06009615384615385 0.7019230769230769 0.1201923076923077 0.25
5 0.3317307692307692 0.6754807692307693 0.33653846153846156 0.3389423076923077
5 0.21634615384615385 0.4050480769230769 0.18028846153846154 0.17908653846153846
5 0.10817307692307693 0.14903846153846154 0.037259615384615384 0.06009615384615385
5 0.1466346153846154 0.21995192307692307 0.1201923076923077 0.20192307692307693
5 0.11778846153846154 0.3485576923076923 0.04326923076923077 0.07692307692307693
5 0.2548076923076923 0.23557692307692307 0.1971153846153846 0.14903846153846154