5 0.7872596153846154 0.84375 0.05889423076923077 0.09735576923076923
5 0.8677884615384616 0.6754807692307693 0.06610576923076923 0.08653846153846154
5 0.6802884615384616 0.23557692307692307 0.0733173076923077 0.10216346153846154
5 0.8581730769230769 0.06971153846153846 0.0625 0.08653846153846154
5 0.7163461538461539 0.056490384615384616 0.0733173076923077 0.10216346153846154
5 0.6105769230769231 0.24278846153846154 0.06610576923076923 0.10817307692307693
5 0.5961538461538461 0.796875 0.06610576923076923 0.08052884615384616
5 0.5528846153846154 0.8617788461538461 0.0625 0.10216346153846154
5 0.5 0.7836538461538461 0.05889423076923077 0.08653846153846154
5 0.5420673076923077 0.7079326923076923 0.0625 0.09735576923076923
5 0.43028846153846156 0.8834134615384616 0.0733173076923077 0.11298076923076923
5 0.27524038461538464 0.3545673076923077 0.05889423076923077 0.11298076923076923
5 0.47475961538461536 0.5625 0.05889423076923077 0.08653846153846154
5 0.5552884615384616 0.15985576923076922 0.04447115384615385 0.06971153846153846
5 0.46634615384615385 0.0889423076923077 0.051682692307692304 0.10216346153846154
5 0.1310096153846154 0.10216346153846154 0.07692307692307693 0.09735576923076923
5 0.1622596153846154 0.7836538461538461 0.0733173076923077 0.09735576923076923
5 0.7632211538461539 0.8221153846153846 0.1875 0.25961538461538464
5 0.8365384615384616 0.6514423076923077 0.12139423076923077 0.14543269230769232
5 0.7331730769230769 0.5324519230769231 0.34134615384615385 0.5997596153846154
5 0.5528846153846154 0.8245192307692307 0.19471153846153846 0.22115384615384615
5 0.6454326923076923 0.32211538461538464 0.17307692307692307 0.27524038461538464
5 0.6742788461538461 0.10817307692307693 0.17307692307692307 0.19471153846153846
5 0.8185096153846154 0.12740384615384615 0.17307692307692307 0.23197115384615385
5 0.9795673076923077 0.18389423076923078 0.03365384615384615 0.12980769230769232
5 0.5096153846153846 0.18629807692307693 0.1502403846153846 0.12379807692307693
5 0.43509615384615385 0.34375 0.2536057692307692 0.12379807692307693
5 0.44471153846153844 0.27283653846153844 0.16947115384615385 0.05889423076923077
5 0.4579326923076923 0.49158653846153844 0.20192307692307693 0.33533653846153844
5 0.5841346153846154 0.4543269230769231 0.05889423076923077 0.06490384615384616
5 0.45913461538461536 0.5973557692307693 0.20552884615384615 0.5673076923076923
5 0.43149038461538464 0.8545673076923077 0.040865384615384616 0.054086538461538464
5 0.40865384615384615 0.5108173076923077 0.18389423076923078 0.18870192307692307
5 0.30649038461538464 0.5913461538461539 0.1658653846153846 0.578125
5 0.17067307692307693 0.7896634615384616 0.12860576923076922 0.24879807692307693
5 0.15865384615384615 0.31850961538461536 0.19831730769230768 0.5408653846153846
5 0.3269230769230769 0.14302884615384615 0.24278846153846154 0.24278846153846154
5 0.7283653846153846 0.5192307692307693 0.3088942307692308 0.5408653846153846