5 0.9362980769230769 0.9747596153846154 0.1201923076923077 0.040865384615384616
5 0.9735576923076923 0.9170673076923077 0.046875 0.10336538461538461
5 0.8377403846153846 0.8990384615384616 0.22355769230769232 0.19110576923076922
5 0.9290865384615384 0.7932692307692307 0.1346153846153846 0.16466346153846154
5 0.7956730769230769 0.8040865384615384 0.1778846153846154 0.28846153846153844
5 0.9423076923076923 0.6850961538461539 0.10096153846153846 0.10336538461538461
5 0.9050480769230769 0.6262019230769231 0.1045673076923077 0.11899038461538461
5 0.9194711538461539 0.5673076923076923 0.07692307692307693 0.0829326923076923
5 0.9675480769230769 0.6081730769230769 0.026442307692307692 0.07211538461538461
5 0.8149038461538461 0.6262019230769231 0.07692307692307693 0.12860576923076922
5 0.6935096153846154 0.6370192307692307 0.1814903846153846 0.24278846153846154
5 0.6117788461538461 0.8653846153846154 0.25841346153846156 0.25721153846153844
5 0.6778846153846154 0.9663461538461539 0.1201923076923077 0.056490384615384616
5 0.5348557692307693 0.9747596153846154 0.05048076923076923 0.040865384615384616
5 0.4495192307692308 0.8689903846153846 0.1502403846153846 0.25240384615384615
5 0.515625 0.6730769230769231 0.2283653846153846 0.23197115384615385
5 0.4675480769230769 0.5384615384615384 0.18509615384615385 0.14903846153846154
5 0.5252403846153846 0.47716346153846156 0.16947115384615385 0.25240384615384615
5 0.6081730769230769 0.4170673076923077 0.15865384615384615 0.14423076923076922
5 0.7007211538461539 0.4098557692307692 0.1658653846153846 0.2932692307692308
5 0.7992788461538461 0.42788461538461536 0.09254807692307693 0.14423076923076922
5 0.8653846153846154 0.4951923076923077 0.10817307692307693 0.09254807692307693
5 0.8341346153846154 0.5516826923076923 0.10817307692307693 0.0829326923076923
5 0.3125 0.953125 0.1310096153846154 0.0829326923076923
5 0.15865384615384615 0.8870192307692307 0.2860576923076923 0.21634615384615385
5 0.33413461538461536 0.8713942307692307 0.09615384615384616 0.11298076923076923
5 0.12379807692307693 0.8112980769230769 0.24759615384615385 0.33533653846153844
5 0.125 0.5973557692307693 0.23557692307692307 0.16466346153846154
5 0.2860576923076923 0.6009615384615384 0.1778846153846154 0.15985576923076922
5 0.33774038461538464 0.6730769230769231 0.17427884615384615 0.25240384615384615
5 0.038461538461538464 0.7319711538461539 0.07692307692307693 0.11298076923076923
5 0.03365384615384615 0.5372596153846154 0.0673076923076923 0.28125
5 0.17548076923076922 0.47475961538461536 0.15865384615384615 0.11298076923076923
5 0.32211538461538464 0.47475961538461536 0.12740384615384615 0.1346153846153846
5 0.4050480769230769 0.3737980769230769 0.12379807692307693 0.19110576923076922
5 0.5516826923076923 0.3245192307692308 0.07692307692307693 0.07211538461538461
5 0.6105769230769231 0.27524038461538464 0.07692307692307693 0.08774038461538461
5 0.6298076923076923 0.22956730769230768 0.10096153846153846 0.0673076923076923
5 0.5192307692307693 0.16466346153846154 0.11177884615384616 0.14423076923076922
5 0.33533653846153844 0.29927884615384615 0.08533653846153846 0.11298076923076923
5 0.13701923076923078 0.4026442307692308 0.1045673076923077 0.11298076923076923
5 0.2512019230769231 0.38100961538461536 0.15384615384615385 0.1346153846153846
5 0.0985576923076923 0.3762019230769231 0.14302884615384615 0.17548076923076922
5 0.09495192307692307 0.47475961538461536 0.06610576923076923 0.06129807692307692
5 0.025240384615384616 0.3425480769230769 0.05048076923076923 0.13942307692307693
5 0.04447115384615385 0.28125 0.06610576923076923 0.09735576923076923
5 0.11177884615384616 0.20072115384615385 0.07692307692307693 0.06129807692307692
5 0.16947115384615385 0.19110576923076922 0.09254807692307693 0.10336538461538461
5 0.23557692307692307 0.15264423076923078 0.08533653846153846 0.10817307692307693
5 0.2800480769230769 0.12620192307692307 0.06610576923076923 0.056490384615384616
5 0.328125 0.08774038461538461 0.038461538461538464 0.040865384615384616
5 0.3701923076923077 0.07211538461538461 0.046875 0.06129807692307692
5 0.40384615384615385 0.10096153846153846 0.05048076923076923 0.0673076923076923
5 0.4338942307692308 0.11538461538461539 0.05048076923076923 0.0673076923076923
5 0.44591346153846156 0.06490384615384616 0.042067307692307696 0.025240384615384616
5 0.5 0.06490384615384616 0.057692307692307696 0.046875
5 0.5733173076923077 0.05889423076923077 0.0733173076923077 0.046875
5 0.6466346153846154 0.08774038461538461 0.0733173076923077 0.051682692307692304
5 0.7043269230769231 0.09495192307692307 0.06610576923076923 0.036057692307692304
5 0.7836538461538461 0.14182692307692307 0.07692307692307693 0.07692307692307693
5 0.8401442307692307 0.15985576923076922 0.06610576923076923 0.051682692307692304
5 0.8978365384615384 0.20072115384615385 0.0733173076923077 0.0829326923076923
5 0.9579326923076923 0.24278846153846154 0.07692307692307693 0.0829326923076923
5 0.9495192307692307 0.3293269230769231 0.06971153846153846 0.0829326923076923
5 0.9483173076923077 0.4230769230769231 0.09615384615384616 0.0829326923076923
5 0.8665865384615384 0.4230769230769231 0.12740384615384615 0.1346153846153846
5 0.8557692307692307 0.31971153846153844 0.14302884615384615 0.07211538461538461
5 0.84375 0.25 0.1502403846153846 0.10817307692307693
5 0.7512019230769231 0.2247596153846154 0.06610576923076923 0.08774038461538461
5 0.7007211538461539 0.21153846153846154 0.05048076923076923 0.0829326923076923
5 0.6790865384615384 0.16466346153846154 0.09254807692307693 0.0829326923076923
5 0.7259615384615384 0.14903846153846154 0.06129807692307692 0.051682692307692304
5 0.6081730769230769 0.14423076923076922 0.06610576923076923 0.10336538461538461
5 0.4387019230769231 0.2247596153846154 0.14302884615384615 0.13942307692307693
5 0.35096153846153844 0.18028846153846154 0.10817307692307693 0.12379807692307693
5 0.2512019230769231 0.2548076923076923 0.16947115384615385 0.13942307692307693