5 0.10817307692307693 0.6802884615384616 0.21634615384615385 0.6298076923076923
5 0.2776442307692308 0.7211538461538461 0.3088942307692308 0.546875
5 0.5540865384615384 0.7271634615384616 0.3088942307692308 0.5360576923076923
5 0.7403846153846154 0.6670673076923077 0.19951923076923078 0.65625
5 0.9182692307692307 0.6502403846153846 0.15625 0.6887019230769231
5 0.7848557692307693 0.4423076923076923 0.1814903846153846 0.38221153846153844
5 0.8605769230769231 0.31971153846153844 0.14182692307692307 0.3004807692307692
5 0.9194711538461539 0.23197115384615385 0.1310096153846154 0.24639423076923078
5 0.9567307692307693 0.16947115384615385 0.08052884615384616 0.2620192307692308
5 0.9819711538461539 0.04927884615384615 0.028846153846153848 0.08774038461538461
5 0.4182692307692308 0.5793269230769231 0.15264423076923078 0.4699519230769231
5 0.5288461538461539 0.37740384615384615 0.14903846153846154 0.2620192307692308
5 0.6033653846153846 0.32572115384615385 0.109375 0.3004807692307692
5 0.6887019230769231 0.21634615384615385 0.1346153846153846 0.25721153846153844
5 0.7451923076923077 0.12259615384615384 0.10216346153846154 0.19110576923076922
5 0.7944711538461539 0.09014423076923077 0.12740384615384615 0.18028846153846154
5 0.8834134615384616 0.055288461538461536 0.0889423076923077 0.11057692307692307
5 0.9483173076923077 0.025240384615384616 0.09375 0.05048076923076923
5 0.203125 0.46153846153846156 0.18870192307692307 0.36658653846153844
5 0.33413461538461536 0.32211538461538464 0.12379807692307693 0.2512019230769231
5 0.4266826923076923 0.234375 0.10576923076923077 0.21875
5 0.5024038461538461 0.15865384615384615 0.08774038461538461 0.18629807692307693
5 0.5745192307692307 0.10096153846153846 0.09495192307692307 0.15865384615384615
5 0.6622596153846154 0.051682692307692304 0.13822115384615385 0.10336538461538461
5 0.028846153846153848 0.2764423076923077 0.057692307692307696 0.2127403846153846