5 0.7536057692307693 0.7944711538461539 0.4831730769230769 0.24639423076923078
5 0.7956730769230769 0.5024038461538461 0.40024038461538464 0.3389423076923077
5 0.7776442307692307 0.21033653846153846 0.4375 0.4206730769230769
5 0.6213942307692307 0.5132211538461539 0.042067307692307696 0.08173076923076923
5 0.5456730769230769 0.7259615384615384 0.06610576923076923 0.09735576923076923
5 0.5168269230769231 0.5925480769230769 0.06610576923076923 0.10817307692307693
5 0.46634615384615385 0.484375 0.0829326923076923 0.07692307692307693
5 0.27283653846153844 0.7175480769230769 0.5456730769230769 0.40024038461538464
5 0.2536057692307692 0.45072115384615385 0.0829326923076923 0.10216346153846154
5 0.14783653846153846 0.2764423076923077 0.2956730769230769 0.45072115384615385
5 0.34615384615384615 0.25721153846153844 0.40384615384615385 0.5144230769230769