5 0.8233173076923077 0.9459134615384616 0.12740384615384615 0.0985576923076923
5 0.8641826923076923 0.8822115384615384 0.265625 0.22355769230769232
5 0.9579326923076923 0.9158653846153846 0.07692307692307693 0.15865384615384615
5 0.8365384615384616 0.7271634615384616 0.31971153846153844 0.2512019230769231
5 0.8762019230769231 0.6117788461538461 0.2403846153846154 0.15264423076923078
5 0.9110576923076923 0.47596153846153844 0.17067307692307693 0.18629807692307693
5 0.9350961538461539 0.38221153846153844 0.12379807692307693 0.109375
5 0.8076923076923077 0.23798076923076922 0.16706730769230768 0.16947115384615385
5 0.9362980769230769 0.24278846153846154 0.1201923076923077 0.16947115384615385
5 0.8016826923076923 0.38221153846153844 0.1346153846153846 0.22956730769230768
5 0.6454326923076923 0.4375 0.27283653846153844 0.1971153846153846
5 0.5637019230769231 0.6370192307692307 0.23317307692307693 0.20192307692307693
5 0.48197115384615385 0.6502403846153846 0.28725961538461536 0.20793269230769232
5 0.4495192307692308 0.7536057692307693 0.14903846153846154 0.27283653846153844
5 0.5456730769230769 0.8088942307692307 0.08052884615384616 0.0985576923076923
5 0.6177884615384616 0.8798076923076923 0.22596153846153846 0.22956730769230768
5 0.7163461538461539 0.9399038461538461 0.14543269230769232 0.109375
5 0.2548076923076923 0.8257211538461539 0.5096153846153846 0.3389423076923077
5 0.36177884615384615 0.7956730769230769 0.14903846153846154 0.13701923076923078
5 0.4567307692307692 0.8004807692307693 0.12740384615384615 0.16947115384615385
5 0.2439903846153846 0.6610576923076923 0.16706730769230768 0.2620192307692308
5 0.28365384615384615 0.5432692307692307 0.109375 0.1141826923076923
5 0.15264423076923078 0.5769230769230769 0.08774038461538461 0.12620192307692307
5 0.028846153846153848 0.7271634615384616 0.057692307692307696 0.18629807692307693
5 0.10697115384615384 0.7103365384615384 0.0985576923076923 0.0985576923076923
5 0.027644230769230768 0.5841346153846154 0.054086538461538464 0.1201923076923077
5 0.28725961538461536 0.4723557692307692 0.3485576923076923 0.25721153846153844
5 0.36778846153846156 0.39903846153846156 0.2980769230769231 0.328125
5 0.6394230769230769 0.28365384615384615 0.22596153846153846 0.1201923076923077
5 0.5204326923076923 0.07932692307692307 0.3125 0.15865384615384615
5 0.18509615384615385 0.20552884615384615 0.3701923076923077 0.4110576923076923
5 0.8365384615384616 0.1310096153846154 0.31971153846153844 0.2620192307692308
5 0.43990384615384615 0.18870192307692307 0.109375 0.2127403846153846
5 0.5853365384615384 0.18870192307692307 0.17427884615384615 0.14783653846153846