5 0.9050480769230769 0.49038461538461536 0.11177884615384616 0.8088942307692307
5 0.7692307692307693 0.49038461538461536 0.109375 0.7956730769230769
5 0.6286057692307693 0.49038461538461536 0.10576923076923077 0.8088942307692307
5 0.4879807692307692 0.4963942307692308 0.11538461538461539 0.7956730769230769
5 0.3485576923076923 0.49399038461538464 0.109375 0.8028846153846154
5 0.21875 0.49399038461538464 0.10336538461538461 0.8028846153846154
5 0.08653846153846154 0.4963942307692308 0.09975961538461539 0.8088942307692307
5 0.9026442307692307 0.12860576923076922 0.054086538461538464 0.07211538461538461
5 0.7668269230769231 0.11538461538461539 0.054086538461538464 0.05889423076923077
5 0.6274038461538461 0.12860576923076922 0.06009615384615385 0.08533653846153846
5 0.48197115384615385 0.125 0.06009615384615385 0.07932692307692307
5 0.3449519230769231 0.12860576923076922 0.054086538461538464 0.08533653846153846
5 0.21514423076923078 0.1310096153846154 0.04807692307692308 0.06610576923076923
5 0.08533653846153846 0.13822115384615385 0.054086538461538464 0.07932692307692307