5 0.8894230769230769 0.5504807692307693 0.09375 0.06370192307692307
5 0.7091346153846154 0.5264423076923077 0.0985576923076923 0.06370192307692307
5 0.8545673076923077 0.14423076923076922 0.08413461538461539 0.04807692307692308
5 0.7067307692307693 0.1502403846153846 0.08413461538461539 0.04447115384615385
5 0.5769230769230769 0.140625 0.07932692307692307 0.04807692307692308
5 0.41586538461538464 0.13221153846153846 0.08413461538461539 0.04807692307692308
5 0.30288461538461536 0.27163461538461536 0.0733173076923077 0.051682692307692304
5 0.21394230769230768 0.29086538461538464 0.06370192307692307 0.051682692307692304
5 0.12259615384615384 0.3293269230769231 0.0889423076923077 0.039663461538461536
5 0.5192307692307693 0.5036057692307693 0.08413461538461539 0.06850961538461539
5 0.32211538461538464 0.4879807692307692 0.10336538461538461 0.06009615384615385
5 0.140625 0.47836538461538464 0.11298076923076923 0.04807692307692308
5 0.8689903846153846 0.7463942307692307 0.1622596153846154 0.4579326923076923
5 0.7067307692307693 0.7307692307692307 0.18269230769230768 0.4735576923076923
5 0.5216346153846154 0.7271634615384616 0.1875 0.49759615384615385
5 0.3449519230769231 0.71875 0.1875 0.5060096153846154
5 0.15504807692307693 0.7127403846153846 0.21153846153846154 0.5024038461538461
5 0.8521634615384616 0.2848557692307692 0.14783653846153846 0.3137019230769231
5 0.7067307692307693 0.28725961538461536 0.12259615384615384 0.3016826923076923
5 0.5685096153846154 0.2776442307692308 0.14302884615384615 0.32091346153846156
5 0.4230769230769231 0.27283653846153844 0.13822115384615385 0.3137019230769231
5 0.31009615384615385 0.3449519230769231 0.0889423076923077 0.18509615384615385
5 0.21634615384615385 0.3557692307692308 0.0889423076923077 0.16466346153846154
5 0.12620192307692307 0.36899038461538464 0.09375 0.1201923076923077