5 0.4987980769230769 0.49759615384615385 0.9975961538461539 0.9951923076923077
5 0.6129807692307693 0.84375 0.1778846153846154 0.3004807692307692
5 0.8125 0.9230769230769231 0.265625 0.14182692307692307
5 0.9230769230769231 0.8990384615384616 0.14543269230769232 0.19110576923076922
5 0.9459134615384616 0.6826923076923077 0.10216346153846154 0.3713942307692308
5 0.8269230769230769 0.6995192307692307 0.20673076923076922 0.3389423076923077
5 0.8677884615384616 0.4230769230769231 0.22235576923076922 0.234375
5 0.8978365384615384 0.31971153846153844 0.19591346153846154 0.3329326923076923
5 0.9507211538461539 0.13701923076923078 0.09134615384615384 0.20793269230769232
5 0.5925480769230769 0.4230769230769231 0.22596153846153846 0.37740384615384615
5 0.5997596153846154 0.6286057692307693 0.3713942307692308 0.2512019230769231
5 0.421875 0.6262019230769231 0.23317307692307693 0.3112980769230769
5 0.37259615384615385 0.8737980769230769 0.2512019230769231 0.2403846153846154
5 0.1875 0.8473557692307693 0.265625 0.2956730769230769
5 0.2668269230769231 0.5901442307692307 0.19230769230769232 0.45913461538461536
5 0.4326923076923077 0.45072115384615385 0.09495192307692307 0.10336538461538461
5 0.1141826923076923 0.14543269230769232 0.2283653846153846 0.29086538461538464
5 0.3293269230769231 0.1935096153846154 0.19951923076923078 0.3329326923076923
5 0.4831730769230769 0.28365384615384615 0.1814903846153846 0.20793269230769232
5 0.6274038461538461 0.24278846153846154 0.375 0.36658653846153844
5 0.8076923076923077 0.27283653846153844 0.18870192307692307 0.2620192307692308
5 0.8221153846153846 0.08173076923076923 0.16706730769230768 0.15264423076923078
5 0.5396634615384616 0.12620192307692307 0.4326923076923077 0.2512019230769231
5 0.12620192307692307 0.5432692307692307 0.25240384615384615 0.5096153846153846
5 0.11658653846153846 0.8605769230769231 0.21875 0.26802884615384615