5 0.7307692307692307 0.9302884615384616 0.140625 0.12860576923076922
5 0.8293269230769231 0.9146634615384616 0.07451923076923077 0.15865384615384615
5 0.8449519230769231 0.7800480769230769 0.1141826923076923 0.18269230769230768
5 0.8305288461538461 0.6346153846153846 0.11057692307692307 0.1346153846153846
5 0.8846153846153846 0.5817307692307693 0.04927884615384615 0.20072115384615385
5 0.8389423076923077 0.4963942307692308 0.055288461538461536 0.16466346153846154
5 0.8629807692307693 0.4423076923076923 0.06490384615384616 0.11538461538461539
5 0.8521634615384616 0.3016826923076923 0.06129807692307692 0.18870192307692307
5 0.7920673076923077 0.25600961538461536 0.09735576923076923 0.2932692307692308
5 0.7439903846153846 0.40865384615384615 0.140625 0.390625
5 0.7427884615384616 0.6310096153846154 0.08413461538461539 0.12860576923076922
5 0.7295673076923077 0.7680288461538461 0.14302884615384615 0.19471153846153846
5 0.6790865384615384 0.8052884615384616 0.13341346153846154 0.2932692307692308
5 0.5901442307692307 0.9242788461538461 0.15625 0.140625
5 0.6574519230769231 0.9326923076923077 0.09134615384615384 0.0733173076923077
5 0.6057692307692307 0.7560096153846154 0.13701923076923078 0.2800480769230769
5 0.6466346153846154 0.5240384615384616 0.13341346153846154 0.26802884615384615
5 0.640625 0.3786057692307692 0.08173076923076923 0.12139423076923077
5 0.7007211538461539 0.20072115384615385 0.08413461538461539 0.21995192307692307
5 0.7019230769230769 0.12139423076923077 0.10096153846153846 0.12139423076923077
5 0.6189903846153846 0.0673076923076923 0.1045673076923077 0.1346153846153846
5 0.6514423076923077 0.19230769230769232 0.078125 0.140625
5 0.5973557692307693 0.2283653846153846 0.1201923076923077 0.16466346153846154
5 0.5564903846153846 0.4639423076923077 0.1045673076923077 0.18269230769230768
5 0.48677884615384615 0.5180288461538461 0.18509615384615385 0.26802884615384615
5 0.4963942307692308 0.7860576923076923 0.140625 0.25600961538461536
5 0.4387019230769231 0.9086538461538461 0.1466346153846154 0.1466346153846154
5 0.46875 0.9723557692307693 0.11057692307692307 0.04326923076923077
5 0.3389423076923077 0.9483173076923077 0.17548076923076922 0.09134615384615384
5 0.30288461538461536 0.9026442307692307 0.08413461538461539 0.0733173076923077
5 0.2439903846153846 0.8786057692307693 0.03245192307692308 0.08533653846153846
5 0.21995192307692307 0.9302884615384616 0.07451923076923077 0.12860576923076922
5 0.36658653846153844 0.7439903846153846 0.06850961538461539 0.17067307692307693
5 0.40865384615384615 0.7536057692307693 0.10697115384615384 0.18870192307692307
5 0.34375 0.8473557692307693 0.1201923076923077 0.09735576923076923
5 0.28846153846153844 0.7463942307692307 0.06850961538461539 0.20072115384615385
5 0.375 0.6610576923076923 0.16947115384615385 0.21394230769230768
5 0.5048076923076923 0.5757211538461539 0.16346153846153846 0.18870192307692307
5 0.3954326923076923 0.5180288461538461 0.10697115384615384 0.12139423076923077
5 0.4807692307692308 0.4483173076923077 0.1201923076923077 0.11538461538461539
5 0.4074519230769231 0.390625 0.16346153846153846 0.12139423076923077
5 0.4254807692307692 0.30528846153846156 0.10697115384615384 0.1346153846153846
5 0.5228365384615384 0.28365384615384615 0.07451923076923077 0.16466346153846154
5 0.5276442307692307 0.18629807692307693 0.17548076923076922 0.3713942307692308
5 0.4206730769230769 0.21394230769230768 0.11778846153846154 0.15865384615384615
5 0.38461538461538464 0.12139423076923077 0.12379807692307693 0.20673076923076922
5 0.30288461538461536 0.16105769230769232 0.11057692307692307 0.2620192307692308
5 0.22355769230769232 0.32572115384615385 0.10697115384615384 0.17668269230769232
5 0.21995192307692307 0.17067307692307693 0.06850961538461539 0.15865384615384615
5 0.16947115384615385 0.359375 0.07211538461538461 0.1466346153846154
5 0.12740384615384615 0.5240384615384616 0.05889423076923077 0.23197115384615385
5 0.19230769230769232 0.5432692307692307 0.07211538461538461 0.23197115384615385
5 0.2439903846153846 0.4326923076923077 0.04567307692307692 0.04927884615384615
5 0.23918269230769232 0.46634615384615385 0.12740384615384615 0.12860576923076922
5 0.265625 0.6069711538461539 0.06129807692307692 0.16466346153846154
5 0.20793269230769232 0.6490384615384616 0.07211538461538461 0.16466346153846154
5 0.20192307692307693 0.7680288461538461 0.04567307692307692 0.09735576923076923
5 0.2860576923076923 0.8137019230769231 0.12980769230769232 0.25
5 0.12980769230769232 0.7536057692307693 0.09735576923076923 0.20072115384615385
5 0.1778846153846154 0.8629807692307693 0.08774038461538461 0.15264423076923078
5 0.06009615384615385 0.7680288461538461 0.07451923076923077 0.109375