5 0.3858173076923077 0.265625 0.05048076923076923 0.10336538461538461
5 0.6418269230769231 0.6370192307692307 0.054086538461538464 0.1141826923076923
5 0.8161057692307693 0.2403846153846154 0.0985576923076923 0.1201923076923077
5 0.9711538461538461 0.27884615384615385 0.05048076923076923 0.0985576923076923
5 0.2548076923076923 0.7512019230769231 0.028846153846153848 0.038461538461538464
5 0.039663461538461536 0.8822115384615384 0.036057692307692304 0.04927884615384615
5 0.06490384615384616 0.3581730769230769 0.036057692307692304 0.07091346153846154
5 0.2668269230769231 0.21875 0.046875 0.07692307692307693
5 0.24519230769230768 0.051682692307692304 0.039663461538461536 0.038461538461538464
5 0.3161057692307692 0.06009615384615385 0.036057692307692304 0.06610576923076923
5 0.15384615384615385 0.014423076923076924 0.038461538461538464 0.028846153846153848
5 0.8365384615384616 0.09615384615384616 0.05048076923076923 0.04927884615384615
5 0.4543269230769231 0.7956730769230769 0.04326923076923077 0.08173076923076923
5 0.7524038461538461 0.3629807692307692 0.2403846153846154 0.3557692307692308
5 0.8413461538461539 0.4807692307692308 0.22956730769230768 0.5685096153846154
5 0.9435096153846154 0.41586538461538464 0.10576923076923077 0.4375
5 0.8725961538461539 0.6670673076923077 0.24759615384615385 0.3605769230769231
5 0.9399038461538461 0.7896634615384616 0.11298076923076923 0.234375
5 0.8689903846153846 0.8665865384615384 0.2548076923076923 0.25721153846153844
5 0.7055288461538461 0.6009615384615384 0.15264423076923078 0.7872596153846154
5 0.5060096153846154 0.7536057692307693 0.34134615384615385 0.4807692307692308
5 0.2800480769230769 0.9182692307692307 0.11658653846153846 0.15264423076923078
5 0.4567307692307692 0.7163461538461539 0.2800480769230769 0.40384615384615385
5 0.4495192307692308 0.25721153846153844 0.22956730769230768 0.38221153846153844
5 0.609375 0.2704326923076923 0.10576923076923077 0.39903846153846156
5 0.3581730769230769 0.1141826923076923 0.08413461538461539 0.1201923076923077
5 0.4675480769230769 0.28725961538461536 0.29447115384615385 0.453125
5 0.13581730769230768 0.9423076923076923 0.09134615384615384 0.10336538461538461
5 0.24879807692307693 0.8389423076923077 0.14903846153846154 0.3112980769230769
5 0.2620192307692308 0.6610576923076923 0.06490384615384616 0.0985576923076923
5 0.08533653846153846 0.9038461538461539 0.054086538461538464 0.18028846153846154
5 0.14543269230769232 0.7836538461538461 0.0733173076923077 0.2127403846153846
5 0.19951923076923078 0.6225961538461539 0.06490384615384616 0.109375
5 0.2764423076923077 0.5492788461538461 0.08774038461538461 0.12620192307692307
5 0.3076923076923077 0.6502403846153846 0.025240384615384616 0.07692307692307693
5 0.0673076923076923 0.7487980769230769 0.08413461538461539 0.22956730769230768
5 0.11298076923076923 0.6310096153846154 0.12379807692307693 0.10336538461538461
5 0.12379807692307693 0.5192307692307693 0.10216346153846154 0.1310096153846154
5 0.20552884615384615 0.4831730769230769 0.09134615384615384 0.14783653846153846
5 0.26322115384615385 0.49399038461538464 0.054086538461538464 0.06009615384615385
5 0.14783653846153846 0.41586538461538464 0.06850961538461539 0.07692307692307693
5 0.06129807692307692 0.5024038461538461 0.0733173076923077 0.15264423076923078
5 0.027644230769230768 0.5661057692307693 0.054086538461538464 0.13701923076923078
5 0.028846153846153848 0.40384615384615385 0.057692307692307696 0.1201923076923077
5 0.15264423076923078 0.34375 0.1310096153846154 0.18629807692307693
5 0.25600961538461536 0.36899038461538464 0.07692307692307693 0.15865384615384615
5 0.30528846153846156 0.3557692307692308 0.05048076923076923 0.17427884615384615
5 0.03485576923076923 0.2620192307692308 0.06850961538461539 0.14182692307692307
5 0.10216346153846154 0.24879807692307693 0.08052884615384616 0.13701923076923078
5 0.051682692307692304 0.052884615384615384 0.10336538461538461 0.10576923076923077
5 0.051682692307692304 0.14783653846153846 0.10336538461538461 0.0889423076923077
5 0.13701923076923078 0.09375 0.12980769230769232 0.1875
5 0.17427884615384615 0.22115384615384615 0.0733173076923077 0.07091346153846154
5 0.25841346153846156 0.0985576923076923 0.11658653846153846 0.1971153846153846
5 0.26322115384615385 0.24278846153846154 0.10576923076923077 0.10336538461538461
5 0.3942307692307692 0.030048076923076924 0.14903846153846154 0.06009615384615385
5 0.47115384615384615 0.019230769230769232 0.046875 0.038461538461538464
5 0.5612980769230769 0.03365384615384615 0.18028846153846154 0.0673076923076923
5 0.6418269230769231 0.054086538461538464 0.018028846153846152 0.04326923076923077
5 0.6382211538461539 0.12620192307692307 0.039663461538461536 0.1201923076923077
5 0.6887019230769231 0.0985576923076923 0.06850961538461539 0.1971153846153846
5 0.7415865384615384 0.09014423076923077 0.04326923076923077 0.18028846153846154
5 0.7764423076923077 0.08774038461538461 0.046875 0.17427884615384615
5 0.8966346153846154 0.10096153846153846 0.19951923076923078 0.20192307692307693
5 0.9507211538461539 0.23197115384615385 0.046875 0.07091346153846154