5 0.9134615384615384 0.4963942307692308 0.125 0.9002403846153846
5 0.9122596153846154 0.07932692307692307 0.04447115384615385 0.06610576923076923
5 0.7608173076923077 0.4963942307692308 0.11899038461538461 0.9002403846153846
5 0.7584134615384616 0.07932692307692307 0.04807692307692308 0.06610576923076923
5 0.6069711538461539 0.24519230769230768 0.056490384615384616 0.07932692307692307
5 0.6069711538461539 0.5757211538461539 0.11057692307692307 0.7415865384615384
5 0.47475961538461536 0.24158653846153846 0.06610576923076923 0.09975961538461539
5 0.47596153846153844 0.5697115384615384 0.11057692307692307 0.7548076923076923
5 0.3473557692307692 0.2512019230769231 0.07451923076923077 0.09254807692307693
5 0.3473557692307692 0.5697115384615384 0.0985576923076923 0.7415865384615384
5 0.21394230769230768 0.11538461538461539 0.038461538461538464 0.0733173076923077
5 0.21634615384615385 0.5096153846153846 0.1045673076923077 0.8605769230769231
5 0.078125 0.10216346153846154 0.036057692307692304 0.06009615384615385
5 0.078125 0.5168269230769231 0.10697115384615384 0.8737980769230769