5 0.9050480769230769 0.7680288461538461 0.18269230769230768 0.4026442307692308
5 0.8798076923076923 0.8185096153846154 0.23317307692307693 0.35216346153846156
5 0.7860576923076923 0.8473557692307693 0.38100961538461536 0.2956730769230769
5 0.7223557692307693 0.6201923076923077 0.24519230769230768 0.19951923076923078
5 0.7704326923076923 0.5180288461538461 0.17908653846153846 0.13822115384615385
5 0.9158653846153846 0.5504807692307693 0.15985576923076922 0.14302884615384615
5 0.8954326923076923 0.46153846153846156 0.20192307692307693 0.08653846153846154
5 0.9338942307692307 0.3137019230769231 0.125 0.25
5 0.8365384615384616 0.3269230769230769 0.3112980769230769 0.20432692307692307
5 0.7740384615384616 0.12980769230769232 0.125 0.18870192307692307
5 0.8461538461538461 0.20432692307692307 0.04326923076923077 0.05048076923076923
5 0.5588942307692307 0.22716346153846154 0.3233173076923077 0.4543269230769231
5 0.45913461538461536 0.46153846153846156 0.10096153846153846 0.07692307692307693
5 0.3233173076923077 0.5889423076923077 0.0625 0.08653846153846154
5 0.2668269230769231 0.33653846153846156 0.2608173076923077 0.45913461538461536
5 0.3293269230769231 0.1045673076923077 0.19110576923076922 0.16826923076923078
5 0.44591346153846156 0.07451923076923077 0.04326923076923077 0.056490384615384616
5 0.45913461538461536 0.7548076923076923 0.23317307692307693 0.4795673076923077
5 0.6129807692307693 0.7319711538461539 0.17548076923076922 0.29086538461538464
5 0.6045673076923077 0.8653846153846154 0.12860576923076922 0.25961538461538464
5 0.2956730769230769 0.8413461538461539 0.16346153846153846 0.30649038461538464
5 0.15985576923076922 0.8137019230769231 0.3112980769230769 0.36177884615384615
5 0.20192307692307693 0.6814903846153846 0.28846153846153844 0.4230769230769231
5 0.019230769230769232 0.5504807692307693 0.038461538461538464 0.1935096153846154
5 0.14182692307692307 0.4362980769230769 0.25240384615384615 0.39302884615384615