5 0.27884615384615385 0.7632211538461539 0.5576923076923077 0.46153846153846156
5 0.53125 0.7211538461538461 0.046875 0.14783653846153846
5 0.34615384615384615 0.47475961538461536 0.625 0.8461538461538461
5 0.7860576923076923 0.43990384615384615 0.33653846153846156 0.8798076923076923
5 0.7307692307692307 0.4495192307692308 0.28846153846153844 0.8990384615384616
5 0.8774038461538461 0.8810096153846154 0.23798076923076922 0.2247596153846154
5 0.8533653846153846 0.8137019230769231 0.07091346153846154 0.11538461538461539
5 0.7487980769230769 0.8209134615384616 0.055288461538461536 0.12860576923076922
5 0.6862980769230769 0.8209134615384616 0.06490384615384616 0.12860576923076922
5 0.6177884615384616 0.8173076923076923 0.07091346153846154 0.14783653846153846
5 0.22716346153846154 0.2920673076923077 0.34375 0.5829326923076923
5 0.171875 0.2403846153846154 0.34375 0.4807692307692308
5 0.46033653846153844 0.46875 0.33413461538461536 0.9375