5 0.8185096153846154 0.7403846153846154 0.20552884615384615 0.39663461538461536
5 0.8161057692307693 0.5745192307692307 0.0829326923076923 0.056490384615384616
5 0.5048076923076923 0.5480769230769231 0.0985576923076923 0.06850961538461539
5 0.5048076923076923 0.7223557692307693 0.2848557692307692 0.4170673076923077
5 0.18629807692307693 0.7283653846153846 0.18629807692307693 0.4206730769230769
5 0.1814903846153846 0.5625 0.08774038461538461 0.0889423076923077
5 0.18870192307692307 0.24879807692307693 0.19110576923076922 0.4254807692307692
5 0.5024038461538461 0.24519230769230768 0.29927884615384615 0.4170673076923077
5 0.8161057692307693 0.2608173076923077 0.20072115384615385 0.39302884615384615
5 0.8161057692307693 0.09134615384615384 0.0733173076923077 0.052884615384615384
5 0.5024038461538461 0.07091346153846154 0.10336538461538461 0.08533653846153846
5 0.18629807692307693 0.07932692307692307 0.078125 0.08533653846153846