5 0.6225961538461539 0.7415865384615384 0.30528846153846156 0.5048076923076923
5 0.31971153846153844 0.7980769230769231 0.4411057692307692 0.39302884615384615
5 0.8329326923076923 0.4699519230769231 0.1658653846153846 0.9194711538461539
5 0.7007211538461539 0.47836538461538464 0.14302884615384615 0.8389423076923077
5 0.5480769230769231 0.4110576923076923 0.15384615384615385 0.7584134615384616
5 0.41346153846153844 0.43028846153846156 0.13581730769230768 0.7199519230769231
5 0.27403846153846156 0.4326923076923077 0.1502403846153846 0.7800480769230769
5 0.13221153846153846 0.49759615384615385 0.13942307692307693 0.8329326923076923
5 0.8197115384615384 0.037259615384615384 0.05889423076923077 0.06490384615384616
5 0.6971153846153846 0.08653846153846154 0.0625 0.054086538461538464
5 0.5384615384615384 0.056490384615384616 0.04807692307692308 0.04807692307692308
5 0.40384615384615385 0.09134615384615384 0.051682692307692304 0.054086538461538464
5 0.27403846153846156 0.0673076923076923 0.0625 0.05889423076923077
5 0.13822115384615385 0.09975961538461539 0.055288461538461536 0.04807692307692308