0 0.298819 0.318015 0.182316 0.133434
0 0.288450 0.109537 0.212846 0.219074
0 0.718894 0.236700 0.298963 0.213019
0 0.887817 0.425930 0.133353 0.106618
0 0.326901 0.220804 0.149770 0.068339
0 0.709101 0.581531 0.236175 0.176038
0 0.319412 0.872405 0.067396 0.066609
3 0.258641 0.694853 0.092166 0.073962
2 0.232143 0.763516 0.135945 0.100130
2 0.178283 0.623594 0.141705 0.143815
3 0.784274 0.364295 0.063940 0.052984
3 0.495824 0.687824 0.491071 0.624351
2 0.478543 0.597318 0.211694 0.153979
2 0.426123 0.493945 0.091878 0.059256
2 0.827909 0.801362 0.344182 0.312500
3 0.923243 0.578503 0.153514 0.131055
2 0.822149 0.553741 0.132776 0.097535
2 0.862903 0.449394 0.081797 0.063149
3 0.790035 0.434797 0.083525 0.079801
1 0.732143 0.428417 0.139401 0.108131
2 0.540755 0.320934 0.431740 0.390138
3 0.468894 0.092669 0.286290 0.162846
3 0.645593 0.279952 0.042339 0.039144
0 0.217742 0.443015 0.130760 0.248486
