3 0.874568 0.404304 0.250864 0.289576
3 0.541043 0.238862 0.375288 0.316825
3 0.468318 0.412522 0.057028 0.026600
2 0.916331 0.651384 0.167339 0.077422
2 0.905962 0.568988 0.188076 0.090830
0 0.779810 0.600779 0.187500 0.075260
2 0.539171 0.622189 0.074885 0.067042
3 0.429579 0.630947 0.154666 0.079369
2 0.379464 0.590722 0.103975 0.056445
3 0.664891 0.559364 0.138537 0.133434
2 0.787154 0.533629 0.119816 0.087587
3 0.654090 0.415441 0.297811 0.166090
3 0.441532 0.123270 0.430876 0.246540
2 0.217166 0.557850 0.128456 0.095804
3 0.526498 0.549200 0.261521 0.137760
2 0.394585 0.468858 0.334677 0.169983
3 0.413450 0.486159 0.228399 0.129325
2 0.666907 0.249676 0.200173 0.156358
3 0.311348 0.329152 0.199309 0.128893
3 0.518721 0.348075 0.049539 0.038279
3 0.475086 0.369593 0.067108 0.048443
3 0.485743 0.301362 0.182892 0.063365
