3 0.783122 0.750757 0.293779 0.220804
3 0.908122 0.560662 0.070276 0.097535
3 0.543491 0.505623 0.369816 0.167820
2 0.586118 0.401600 0.111175 0.084343
3 0.198445 0.552876 0.162442 0.304715
2 0.810484 0.297362 0.361751 0.288927
3 0.667771 0.255515 0.664459 0.511029
3 0.326325 0.379974 0.345046 0.272491
2 0.379032 0.263084 0.257488 0.088884
3 0.281538 0.129650 0.248560 0.259299
2 0.975374 0.905385 0.049251 0.070285
3 0.900346 0.829693 0.199309 0.081964
3 0.523762 0.349589 0.252016 0.103590
1 0.650634 0.591479 0.520737 0.174308
3 0.529954 0.749351 0.594470 0.501298
2 0.155962 0.789792 0.171947 0.174308
2 0.217742 0.948962 0.158986 0.102076
2 0.863623 0.932202 0.272753 0.135597
2 0.920795 0.715614 0.158410 0.125000
2 0.965006 0.571583 0.069988 0.081747
