3 0.432604 0.414468 0.133641 0.102725
3 0.215294 0.479563 0.130472 0.214317
2 0.182460 0.628676 0.140841 0.112024
2 0.733583 0.561635 0.110023 0.085208
3 0.731135 0.622080 0.176555 0.086289
3 0.859879 0.598724 0.202477 0.100130
3 0.632200 0.548659 0.099078 0.071799
3 0.693692 0.461181 0.096486 0.069853
3 0.543491 0.434797 0.099078 0.064663
3 0.427131 0.338235 0.147465 0.065744
3 0.308324 0.374892 0.209389 0.090182
2 0.457661 0.704693 0.413594 0.590614
2 0.413594 0.141220 0.479839 0.282439
2 0.334821 0.283845 0.186924 0.059472
3 0.507921 0.267842 0.390265 0.333261
2 0.842742 0.451125 0.314516 0.287197
2 0.617656 0.273032 0.207085 0.177984
