2 0.663738 0.102941 0.332085 0.205882
3 0.303283 0.700260 0.146313 0.138408
3 0.358871 0.914792 0.090438 0.081315
2 0.344470 0.963776 0.120392 0.072448
2 0.273041 0.849913 0.138249 0.142734
2 0.963134 0.925822 0.073733 0.058391
2 0.875720 0.951990 0.248560 0.096021
3 0.774770 0.781574 0.260369 0.235727
2 0.907114 0.778871 0.124712 0.105753
3 0.748416 0.886678 0.158122 0.192042
3 0.516849 0.808715 0.358583 0.382569
3 0.559332 0.450584 0.235599 0.118728
3 0.272465 0.577530 0.141705 0.173659
2 0.947005 0.613322 0.105991 0.231401
3 0.635369 0.617755 0.595622 0.184905
3 0.577909 0.526708 0.144873 0.078936
2 0.800691 0.374027 0.290323 0.240268
3 0.625000 0.342236 0.529378 0.532656
3 0.336838 0.181661 0.294067 0.363322
2 0.422235 0.363106 0.244240 0.090830
3 0.395305 0.511246 0.257776 0.195502
