2 0.910714 0.320934 0.061636 0.071367
2 0.763249 0.338884 0.120392 0.097751
3 0.796803 0.328936 0.406394 0.641003
3 0.367368 0.189987 0.309620 0.185337
2 0.415755 0.872729 0.181164 0.103157
2 0.641417 0.749784 0.179724 0.059256
2 0.894873 0.788062 0.210253 0.214965
3 0.652794 0.854131 0.401210 0.212154
3 0.146745 0.790009 0.040611 0.037630
3 0.139113 0.743512 0.031682 0.031142
3 0.156970 0.700908 0.035714 0.036765
2 0.613191 0.644464 0.623848 0.378460
2 0.488479 0.330342 0.490207 0.219507
3 0.317396 0.436311 0.319700 0.221237
1 0.533266 0.375865 0.158698 0.035900
3 0.534418 0.456423 0.114343 0.083261
3 0.548531 0.517950 0.103399 0.078287
3 0.624424 0.491674 0.107143 0.079369
3 0.533122 0.624892 0.127304 0.100995
1 0.432748 0.651168 0.063076 0.069637
1 0.462558 0.464965 0.047811 0.134516
2 0.683180 0.446799 0.078341 0.057093
2 0.707949 0.558499 0.168203 0.099265
3 0.767425 0.365917 0.339574 0.208910
