2 0.289747 0.210856 0.139977 0.067907
3 0.451901 0.116566 0.302995 0.233131
2 0.495968 0.342344 0.455645 0.426038
2 0.697725 0.241566 0.298099 0.238322
3 0.250720 0.101644 0.204781 0.203287
3 0.441820 0.689230 0.490783 0.621540
1 0.700461 0.448205 0.133065 0.103590
1 0.375144 0.510164 0.097062 0.057958
2 0.116071 0.634948 0.152650 0.148356
2 0.161866 0.780169 0.135945 0.099265
2 0.734447 0.766760 0.279378 0.126081
2 0.904522 0.746107 0.190956 0.130623
3 0.901354 0.622729 0.197293 0.156358
0 0.775490 0.582612 0.143145 0.099481
3 0.670075 0.607591 0.220910 0.179715
2 0.835397 0.482483 0.091878 0.087803
3 0.756336 0.457396 0.089862 0.086505
3 0.241503 0.290333 0.213422 0.203936
3 0.651642 0.304174 0.124136 0.078071
3 0.755040 0.379433 0.076901 0.067690
2 0.697293 0.829369 0.159562 0.110294
3 0.769153 0.677984 0.199597 0.059256
