3 0.708525 0.882461 0.092166 0.116133
1 0.774338 0.218317 0.175403 0.170199
2 0.873128 0.593750 0.176555 0.113971
3 0.800979 0.363862 0.232143 0.108780
3 0.779090 0.964317 0.110599 0.071367
2 0.871544 0.630082 0.238479 0.192258
3 0.299539 0.958369 0.076037 0.083261
3 0.269585 0.091047 0.240783 0.182093
2 0.891849 0.360727 0.216302 0.282007
2 0.361463 0.185662 0.251152 0.081531
2 0.674683 0.160143 0.153514 0.154628
2 0.664891 0.543793 0.397753 0.309472
2 0.844902 0.867215 0.310196 0.265571
3 0.497120 0.697989 0.581797 0.604022
2 0.380184 0.572989 0.199885 0.161548
2 0.141705 0.665009 0.167051 0.164792
2 0.201037 0.828287 0.155530 0.113754
3 0.227247 0.747621 0.099078 0.095588
3 0.280962 0.412305 0.362615 0.368728
3 0.565812 0.229563 0.439804 0.459126
