3 0.442540 0.333694 0.284850 0.267301
3 0.571285 0.365593 0.171947 0.175389
1 0.581509 0.488106 0.538018 0.194204
2 0.851094 0.609862 0.159562 0.125433
2 0.949309 0.772059 0.101382 0.106401
3 0.451181 0.695718 0.636233 0.608564
2 0.080069 0.720588 0.160138 0.172145
3 0.111175 0.483240 0.150346 0.132569
3 0.058612 0.361159 0.117224 0.146194
2 0.272897 0.162954 0.279090 0.097967
3 0.842598 0.700692 0.264689 0.125000
2 0.705357 0.154520 0.326613 0.280061
2 0.909850 0.446799 0.180300 0.414792
3 0.507056 0.164468 0.493952 0.328936
3 0.164026 0.079801 0.273906 0.159602
3 0.232287 0.308607 0.324597 0.207180
