0 0.367656 0.562933 0.039459 0.141869
3 0.166475 0.545523 0.024770 0.017517
2 0.491071 0.619485 0.642857 0.550822
3 0.667339 0.148789 0.073733 0.040657
3 0.362039 0.212911 0.550115 0.386462
3 0.198301 0.988646 0.037154 0.022708
3 0.073445 0.873702 0.039171 0.037197
3 0.067108 0.828720 0.030530 0.030709
3 0.085109 0.785575 0.034850 0.036548
2 0.558036 0.972535 0.070565 0.054931
2 0.335685 0.937500 0.173099 0.125000
3 0.942540 0.841804 0.114919 0.180580
3 0.786578 0.889273 0.181452 0.123702
2 0.546083 0.875541 0.375000 0.248919
2 0.543779 0.789576 0.154954 0.046713
2 0.882344 0.705990 0.176555 0.089317
2 0.813220 0.817690 0.300403 0.195934
3 0.437500 0.683391 0.114631 0.092561
3 0.354695 0.666414 0.075173 0.082829
3 0.402218 0.619161 0.051555 0.041955
3 0.432892 0.587262 0.081797 0.065095
3 0.723934 0.433715 0.552131 0.508434
3 0.580501 0.468101 0.221486 0.188365
3 0.551555 0.531899 0.072005 0.046064
2 0.591158 0.620783 0.136233 0.099697
2 0.503888 0.574394 0.090726 0.069637
3 0.415467 0.538279 0.074021 0.081747
3 0.417771 0.472535 0.072293 0.036332
0 0.511665 0.610943 0.150058 0.052336
0 0.345910 0.724481 0.055300 0.049740
