3 0.586118 0.359753 0.169355 0.162413
1 0.597638 0.438149 0.322005 0.107699
3 0.728399 0.380839 0.543203 0.761678
3 0.450461 0.534818 0.149194 0.100779
3 0.373704 0.640679 0.191532 0.148140
3 0.679868 0.756272 0.621832 0.391436
2 0.929868 0.941285 0.140265 0.117431
3 0.190524 0.506596 0.377016 0.294766
2 0.317972 0.826773 0.292051 0.343426
2 0.379752 0.366782 0.606855 0.298875
3 0.038306 0.851968 0.044355 0.046064
3 0.025058 0.902357 0.034562 0.034818
3 0.041331 0.954585 0.049251 0.040657
3 0.569412 0.967993 0.301267 0.064014
3 0.205213 0.167496 0.410426 0.334991
1 0.348934 0.770004 0.070565 0.119161
1 0.366071 0.523681 0.046659 0.113538
3 0.235167 0.816285 0.099942 0.096670
3 0.148329 0.731185 0.146313 0.105104
3 0.469470 0.417820 0.103111 0.061419
2 0.626728 0.515679 0.094470 0.070285
3 0.558756 0.569204 0.123848 0.098183
3 0.693980 0.493512 0.247984 0.113322
