2 0.711838 0.177876 0.232431 0.145112
2 0.930300 0.466912 0.139401 0.141003
3 0.188940 0.550173 0.111751 0.137543
3 0.642569 0.795307 0.211406 0.120891
3 0.674251 0.908413 0.086406 0.110943
3 0.136953 0.630731 0.026786 0.030926
2 0.610167 0.868080 0.076325 0.092561
0 0.942108 0.675173 0.115783 0.085640
3 0.795795 0.680147 0.126152 0.076990
3 0.843030 0.733672 0.217742 0.067258
3 0.275778 0.104779 0.234159 0.209559
3 0.594902 0.223940 0.531394 0.447881
2 0.913018 0.782656 0.173963 0.094723
1 0.787730 0.283088 0.218894 0.171280
2 0.636665 0.588127 0.394873 0.312933
3 0.481423 0.715398 0.552131 0.569204
2 0.362759 0.606077 0.197293 0.155926
2 0.145449 0.688473 0.158410 0.157223
2 0.193404 0.843101 0.137961 0.106618
2 0.830933 0.883542 0.332949 0.232915
2 0.849798 0.629866 0.171947 0.113106
2 0.919211 0.510272 0.100518 0.096237
3 0.321429 0.367431 0.278226 0.166522
3 0.448301 0.442258 0.147177 0.098616
3 0.552275 0.420848 0.237615 0.123270
3 0.539171 0.366674 0.083525 0.060770
3 0.819412 0.488106 0.117512 0.091263
3 0.284418 0.966587 0.069412 0.066825
3 0.223214 0.769788 0.085253 0.084991
3 0.140553 0.560446 0.030530 0.026168
3 0.125000 0.599373 0.024194 0.014490
2 0.362903 0.212154 0.243088 0.079152
