3 0.872120 0.882137 0.176267 0.086938
2 0.554724 0.445177 0.106567 0.088884
2 0.809620 0.959126 0.203341 0.081747
2 0.154234 0.982483 0.076901 0.035035
2 0.350806 0.309580 0.261521 0.088452
3 0.623848 0.302444 0.623848 0.509299
3 0.303571 0.454044 0.311060 0.222102
3 0.493232 0.392625 0.244528 0.096670
3 0.501296 0.772383 0.632200 0.455234
2 0.107719 0.848616 0.184332 0.190311
2 0.895449 0.774546 0.209101 0.168036
3 0.658986 0.620242 0.199885 0.155709
2 0.895737 0.486159 0.208525 0.275087
1 0.778802 0.346561 0.188364 0.167604
2 0.684044 0.280493 0.180876 0.162197
2 0.349654 0.309364 0.259217 0.087154
3 0.147609 0.670307 0.152362 0.235510
3 0.464574 0.152033 0.661866 0.304066
3 0.757632 0.761029 0.311348 0.197232
3 0.837990 0.602617 0.162730 0.108348
3 0.518433 0.547902 0.368664 0.185770
