2 0.608151 0.577638 0.098790 0.079152
2 0.939948 0.932526 0.120104 0.134948
3 0.273041 0.172902 0.546083 0.345804
2 0.790755 0.947881 0.202477 0.104239
2 0.478399 0.632137 0.884217 0.735727
2 0.430876 0.632461 0.786290 0.735078
3 0.734591 0.437067 0.530818 0.874135
2 0.911866 0.417171 0.081797 0.115917
2 0.712558 0.433715 0.163594 0.146843
2 0.712702 0.432958 0.167915 0.152249
1 0.355271 0.483456 0.341302 0.075043
1 0.326325 0.600022 0.065668 0.204369
1 0.326181 0.601211 0.064228 0.201557
1 0.284850 0.854563 0.086406 0.109213
3 0.288738 0.781791 0.136809 0.157007
3 0.533266 0.633434 0.135657 0.107266
3 0.418347 0.589965 0.149482 0.116782
3 0.431452 0.674524 0.131336 0.097318
3 0.409706 0.836289 0.161002 0.139273
2 0.639545 0.727617 0.218606 0.123054
3 0.710829 0.485943 0.451037 0.325692
